xof 0303txt 0032
template SkinWeights {
 <6f0d123b-bad2-4167-a0d0-80224f25fabb>
 STRING transformNodeName;
 DWORD nWeights;
 array DWORD vertexIndices[nWeights];
 array FLOAT weights[nWeights];
 Matrix4x4 matrixOffset;
}

template XSkinMeshHeader {
 <3cf169ce-ff7c-44ab-93c0-f78f62d172e2>
 WORD nMaxSkinWeightsPerVertex;
 WORD nMaxSkinWeightsPerFace;
 WORD nBones;
}


Frame F01 {
 

 FrameTransformMatrix {
  -1.000000,0.000000,0.000000,0.000000,-0.000000,-0.000000,1.000000,0.000000,0.000000,1.000000,0.000000,0.000000,0.002583,17.789469,-0.584685,1.000000;;
 }

 Mesh {
  13;
  0.002583;0.584686;-4.965724;,
  0.002583;0.705484;-4.844927;,
  0.123381;0.584686;-4.844927;,
  0.002583;0.584686;-4.965724;,
  0.002583;0.463889;-4.844927;,
  0.002583;0.584686;-4.965724;,
  -0.118215;0.584686;-4.844927;,
  0.002583;0.584686;-4.965724;,
  0.002583;0.705484;-4.844927;,
  0.002583;0.584686;-4.724129;,
  0.002583;0.584686;-4.724129;,
  0.002583;0.584686;-4.724129;,
  0.002583;0.584686;-4.724129;;
  8;
  3;0,1,2;,
  3;3,2,4;,
  3;5,4,6;,
  3;7,6,8;,
  3;9,2,1;,
  3;10,4,2;,
  3;11,6,4;,
  3;12,8,6;;

  MeshNormals {
   6;
   -0.000000;0.000000;-1.000000;,
   0.000000;1.000000;0.000000;,
   1.000000;-0.000000;-0.000000;,
   0.000000;-1.000000;-0.000000;,
   -1.000000;0.000000;0.000000;,
   0.000000;0.000000;1.000000;;
   8;
   3;0,1,2;,
   3;0,2,3;,
   3;0,3,4;,
   3;0,4,1;,
   3;5,2,1;,
   3;5,3,2;,
   3;5,4,3;,
   3;5,1,4;;
  }

  MeshTextureCoords {
   13;
   0.000000;0.000000;,
   0.000000;0.500000;,
   0.250000;0.500000;,
   0.250000;0.000000;,
   0.500000;0.500000;,
   0.500000;0.000000;,
   0.750000;0.500000;,
   0.750000;0.000000;,
   1.000000;0.500000;,
   0.000000;1.000000;,
   0.250000;1.000000;,
   0.500000;1.000000;,
   0.750000;1.000000;;
  }

  MeshMaterialList {
   2;
   8;
   1,
   1,
   1,
   1,
   1,
   1,
   1,
   1;

   Material {
    1.000000;1.000000;1.000000;1.000000;;
    0.100000;
    0.900000;0.900000;0.900000;;
    0.000000;0.000000;0.000000;;

    TextureFilename {
     "XV_m1.dds";
    }
   }

   Material {
    1.000000;1.000000;1.000000;1.000000;;
    0.100000;
    0.900000;0.900000;0.900000;;
    0.000000;0.000000;0.000000;;

    TextureFilename {
     "flysun1_2.dds";
    }
   }
  }

  XSkinMeshHeader {
   2;
   0;
   1;
  }

  SkinWeights {
   "Bip01_Spine";
   13;
   0,
   1,
   2,
   3,
   4,
   5,
   6,
   7,
   8,
   9,
   10,
   11,
   12;
   1.000000,
   1.000000,
   1.000000,
   1.000000,
   1.000000,
   1.000000,
   1.000000,
   1.000000,
   1.000000,
   1.000000,
   1.000000,
   1.000000,
   1.000000;
   0.000000,-1.000000,0.000001,0.000000,0.037334,-0.000001,-0.999303,0.000000,0.999303,0.000000,0.037334,0.000000,5.748316,0.003380,0.951358,1.000000;;
  }
 }
}

Frame Scene_Root {
 

 FrameTransformMatrix {
  1.000000,0.000000,0.000000,0.000000,0.000000,1.000000,0.000000,0.000000,0.000000,0.000000,1.000000,0.000000,0.000000,0.000000,0.000000,1.000000;;
 }

 Frame Bip01 {
  

  FrameTransformMatrix {
   0.000002,0.000000,-1.000000,0.000000,0.000000,1.000000,0.000000,0.000000,1.000000,0.000000,0.000002,0.000000,-0.000795,10.971148,0.010525,1.000000;;
  }

  Frame Bip01_Footsteps {
   

   FrameTransformMatrix {
    0.000002,0.000000,1.000000,0.000000,0.000000,1.000000,0.000000,0.000000,-1.000000,0.000000,0.000002,0.000000,0.000000,-10.971148,0.000000,1.000000;;
   }
  }

  Frame Bip01_Pelvis {
   

   FrameTransformMatrix {
    -0.000000,1.000000,-0.000001,0.000000,-0.000001,0.000001,1.000000,0.000000,1.000000,0.000000,0.000001,0.000000,-0.139943,0.000000,0.000000,1.000000;;
   }

   Frame Bip01_Spine {
    

    FrameTransformMatrix {
     0.999303,0.000001,-0.037334,0.000000,-0.000001,1.000000,0.000004,0.000000,0.037334,-0.000004,0.999303,0.000000,1.038497,0.000001,-0.000935,1.000000;;
    }

    Frame Bip01_Spine1 {
     

     FrameTransformMatrix {
      0.999273,0.000000,-0.038130,0.000000,0.000000,1.000000,-0.000000,0.000000,0.038130,0.000000,0.999273,0.000000,1.175689,0.000000,-0.000853,1.000000;;
     }

     Frame Bip01_Spine2 {
      

      FrameTransformMatrix {
       0.999273,-0.000000,-0.038130,0.000000,-0.000000,1.000000,0.000000,0.000000,0.038130,0.000000,0.999273,0.000000,1.071716,0.000000,-0.001787,1.000000;;
      }

      Frame Bip01_Neck {
       

       FrameTransformMatrix {
        0.973329,0.000001,0.229414,0.000000,-0.000001,1.000000,0.000000,0.000000,-0.229414,-0.000000,0.973329,0.000000,2.245593,0.000000,-0.000636,1.000000;;
       }

       Frame Bip01_Head {
        

        FrameTransformMatrix {
         0.999011,-0.000000,-0.044468,0.000000,0.000000,1.000000,0.000000,0.000000,0.044468,-0.000000,0.999011,0.000000,0.820560,-0.000000,0.000000,1.000000;;
        }

        Frame Bip01_HeadNub {
         

         FrameTransformMatrix {
          1.000000,0.000000,0.000000,0.000000,0.000000,1.000000,0.000000,0.000000,0.000000,0.000000,1.000000,0.000000,2.163836,-0.000000,0.000000,1.000000;;
         }
        }
       }

       Frame Bip01_L_Clavicle {
        

        FrameTransformMatrix {
         -0.253341,0.965519,0.059923,0.000000,0.939591,0.260331,-0.222253,0.000000,-0.230190,-0.000003,-0.973146,0.000000,0.000000,0.392461,0.000652,1.000000;;
        }

        Frame Bip01_L_UpperArm {
         

         FrameTransformMatrix {
          0.967393,0.253279,0.000836,0.000000,-0.251531,0.961093,-0.114164,0.000000,-0.029719,0.110231,0.993462,0.000000,1.503996,0.000000,0.000000,1.000000;;
         }

         Frame Bip01_L_Forearm {
          

          FrameTransformMatrix {
           0.999656,0.000000,-0.026241,0.000000,-0.000000,1.000000,-0.000000,0.000000,0.026241,0.000000,0.999655,0.000000,2.542928,-0.000002,0.000000,1.000000;;
          }

          Frame Bip01_L_Hand {
           

           FrameTransformMatrix {
            0.994324,0.106391,-0.000000,0.000000,-0.000085,0.000792,1.000000,0.000000,0.106391,-0.994324,0.000796,0.000000,2.896987,-0.000004,0.000000,1.000000;;
           }

           Frame Bip01_L_Finger0 {
            

            FrameTransformMatrix {
             0.859250,-0.508110,0.059273,0.000000,0.363198,0.524350,-0.770159,0.000000,0.360246,0.683287,0.635092,0.000000,0.710974,-0.414134,0.129369,1.000000;;
            }

            Frame Bip01_L_Finger01 {
             

             FrameTransformMatrix {
              0.994352,-0.000000,0.106136,0.000000,-0.000000,1.000000,0.000000,0.000000,-0.106136,0.000000,0.994352,0.000000,0.384852,0.000000,0.000001,1.000000;;
             }

             Frame Bip01_L_Finger02 {
              

              FrameTransformMatrix {
               0.988059,-0.000000,0.154076,0.000000,-0.000000,1.000000,-0.000000,0.000000,-0.154076,0.000000,0.988059,0.000000,0.385460,0.000000,0.000001,1.000000;;
              }

              Frame Bip01_L_Finger0Nub {
               

               FrameTransformMatrix {
                1.000000,-0.000000,0.000000,0.000000,0.000000,1.000000,0.000000,0.000000,0.000000,0.000000,1.000000,0.000000,0.280156,0.000000,-0.000001,1.000000;;
               }
              }
             }
            }
           }

           Frame Bip01_L_Finger1 {
            

            FrameTransformMatrix {
             0.991011,-0.000106,0.133781,0.000000,-0.000000,1.000000,0.000796,0.000000,-0.133781,-0.000789,0.991011,0.000000,1.207232,-0.323857,0.005050,1.000000;;
            }

            Frame Bip01_L_Finger11 {
             

             FrameTransformMatrix {
              0.991697,0.000000,0.128599,0.000000,-0.000000,1.000000,-0.000000,0.000000,-0.128599,0.000000,0.991697,0.000000,0.510193,0.000000,0.000002,1.000000;;
             }

             Frame Bip01_L_Finger12 {
              

              FrameTransformMatrix {
               1.000000,0.000000,-0.000000,0.000000,0.000000,1.000000,0.000000,0.000000,0.000000,0.000000,1.000000,0.000000,0.679383,0.000000,0.000000,1.000000;;
              }

              Frame Bip01_L_Finger1Nub {
               

               FrameTransformMatrix {
                1.000000,0.000000,-0.000000,0.000000,0.000000,1.000000,0.000000,0.000000,0.000000,0.000000,1.000000,0.000000,0.137979,0.000000,0.000000,1.000000;;
               }
              }
             }
            }
           }

           Frame Bip01_L_Finger2 {
            

            FrameTransformMatrix {
             0.989031,-0.000117,0.147707,0.000000,-0.000000,1.000000,0.000796,0.000000,-0.147707,-0.000788,0.989031,0.000000,1.205761,-0.048615,-0.006789,1.000000;;
            }

            Frame Bip01_L_Finger21 {
             

             FrameTransformMatrix {
              0.995117,0.000000,0.098705,0.000000,0.000000,1.000000,0.000000,0.000000,-0.098705,-0.000000,0.995117,0.000000,0.506203,0.000000,0.000000,1.000000;;
             }

             Frame Bip01_L_Finger22 {
              

              FrameTransformMatrix {
               1.000000,0.000000,-0.000000,0.000000,-0.000000,1.000000,-0.000000,0.000000,-0.000000,0.000000,1.000000,0.000000,0.666977,0.000000,0.000002,1.000000;;
              }

              Frame Bip01_L_Finger2Nub {
               

               FrameTransformMatrix {
                1.000000,0.000000,-0.000000,0.000000,-0.000000,1.000000,-0.000000,0.000000,-0.000000,0.000000,1.000000,0.000000,0.114567,-0.000000,-0.000002,1.000000;;
               }
              }
             }
            }
           }

           Frame Bip01_L_Finger3 {
            

            FrameTransformMatrix {
             0.978656,-0.000164,0.205507,0.000000,0.000000,1.000000,0.000796,0.000000,-0.205507,-0.000779,0.978656,0.000000,1.198944,0.223685,-0.001425,1.000000;;
            }

            Frame Bip01_L_Finger31 {
             

             FrameTransformMatrix {
              1.000000,0.000000,-0.000000,0.000000,0.000000,1.000000,0.000000,0.000000,-0.000000,-0.000000,1.000000,0.000000,0.525596,0.000000,0.000000,1.000000;;
             }

             Frame Bip01_L_Finger32 {
              

              FrameTransformMatrix {
               1.000000,0.000000,-0.000000,0.000000,0.000000,1.000000,0.000000,0.000000,-0.000000,-0.000000,1.000000,0.000000,0.571338,0.000000,0.000000,1.000000;;
              }

              Frame Bip01_L_Finger3Nub {
               

               FrameTransformMatrix {
                1.000000,0.000000,-0.000000,0.000000,0.000000,1.000000,0.000000,0.000000,-0.000000,-0.000000,1.000000,0.000000,0.116399,-0.000000,-0.000002,1.000000;;
               }
              }
             }
            }
           }

           Frame Bip01_L_Finger4 {
            

            FrameTransformMatrix {
             0.993775,0.084693,0.072377,0.000000,-0.084093,0.996394,-0.011312,0.000000,-0.073073,0.005155,0.997313,0.000000,1.103013,0.457295,0.072794,1.000000;;
            }

            Frame Bip01_L_Finger41 {
             

             FrameTransformMatrix {
              0.984866,-0.000000,0.173316,0.000000,0.000000,1.000000,-0.000000,0.000000,-0.173316,-0.000000,0.984866,0.000000,0.447390,0.000000,0.000001,1.000000;;
             }

             Frame Bip01_L_Finger42 {
              

              FrameTransformMatrix {
               1.000000,0.000000,-0.000000,0.000000,0.000000,1.000000,0.000000,0.000000,0.000000,0.000000,1.000000,0.000000,0.400813,-0.000000,0.000002,1.000000;;
              }

              Frame Bip01_L_Finger4Nub {
               

               FrameTransformMatrix {
                1.000000,0.000000,-0.000000,0.000000,0.000000,1.000000,0.000000,0.000000,0.000000,0.000000,1.000000,0.000000,0.301770,0.000000,-0.000002,1.000000;;
               }
              }
             }
            }
           }

           Frame whal {
            

            FrameTransformMatrix {
             -0.501639,-0.027830,-0.138198,0.000000,0.138275,0.002298,-0.502384,0.000000,-0.027441,0.520322,-0.005173,0.000000,0.426621,-0.300698,0.333718,1.000000;;
            }
           }
          }
         }
        }
       }

       Frame Bip01_R_Clavicle {
        

        FrameTransformMatrix {
         -0.253341,-0.965519,0.059928,0.000000,-0.939591,0.260333,0.222252,0.000000,-0.230189,-0.000003,-0.973146,0.000000,0.000000,-0.392461,0.000654,1.000000;;
        }

        Frame Bip01_R_UpperArm {
         

         FrameTransformMatrix {
          0.967393,-0.253279,0.000836,0.000000,0.251531,0.961093,0.114164,0.000000,-0.029719,-0.110232,0.993462,0.000000,1.503997,0.000002,0.000000,1.000000;;
         }

         Frame Bip01_R_Forearm {
          

          FrameTransformMatrix {
           0.999656,0.000000,-0.026241,0.000000,0.000000,1.000000,0.000000,0.000000,0.026241,-0.000000,0.999656,0.000000,2.542928,0.000002,0.000000,1.000000;;
          }

          Frame Bip01_R_Hand {
           

           FrameTransformMatrix {
            0.994325,-0.106391,-0.000000,0.000000,0.000085,0.000792,-1.000000,0.000000,0.106391,0.994324,0.000796,0.000000,2.896987,0.000002,0.000000,1.000000;;
           }

           Frame Bip01_R_Finger0 {
            

            FrameTransformMatrix {
             0.859250,0.508110,0.059273,0.000000,-0.363198,0.524350,0.770159,0.000000,0.360246,-0.683286,0.635092,0.000000,0.710973,0.414134,0.129369,1.000000;;
            }

            Frame Bip01_R_Finger01 {
             

             FrameTransformMatrix {
              0.994352,-0.000000,0.106136,0.000000,-0.000000,1.000000,0.000000,0.000000,-0.106136,-0.000000,0.994352,0.000000,0.384852,-0.000001,0.000000,1.000000;;
             }

             Frame Bip01_R_Finger02 {
              

              FrameTransformMatrix {
               0.988059,-0.000000,0.154076,0.000000,0.000000,1.000000,0.000000,0.000000,-0.154076,0.000000,0.988059,0.000000,0.385460,0.000002,0.000000,1.000000;;
              }

              Frame Bip01_R_Finger0Nub {
               

               FrameTransformMatrix {
                1.000000,-0.000000,0.000000,0.000000,0.000000,-1.000000,-0.000000,0.000000,0.000000,-0.000000,1.000000,0.000000,0.280156,-0.000001,0.000000,1.000000;;
               }
              }
             }
            }
           }

           Frame Bip01_R_Finger1 {
            

            FrameTransformMatrix {
             0.991011,0.000107,0.133781,0.000000,-0.000000,1.000000,-0.000796,0.000000,-0.133781,0.000789,0.991011,0.000000,1.207231,0.323857,0.005049,1.000000;;
            }

            Frame Bip01_R_Finger11 {
             

             FrameTransformMatrix {
              0.991697,0.000000,0.128599,0.000000,0.000000,1.000000,0.000000,0.000000,-0.128599,-0.000000,0.991697,0.000000,0.510194,-0.000000,0.000000,1.000000;;
             }

             Frame Bip01_R_Finger12 {
              

              FrameTransformMatrix {
               1.000000,0.000000,-0.000000,0.000000,-0.000000,1.000000,0.000000,0.000000,-0.000000,-0.000000,1.000000,0.000000,0.679383,-0.000000,0.000000,1.000000;;
              }

              Frame Bip01_R_Finger1Nub {
               

               FrameTransformMatrix {
                1.000000,-0.000000,-0.000000,0.000000,-0.000000,-1.000000,-0.000000,0.000000,-0.000000,-0.000000,1.000000,0.000000,0.137979,0.000000,0.000002,1.000000;;
               }
              }
             }
            }
           }

           Frame Bip01_R_Finger2 {
            

            FrameTransformMatrix {
             0.989031,0.000118,0.147707,0.000000,-0.000000,1.000000,-0.000796,0.000000,-0.147707,0.000787,0.989031,0.000000,1.205763,0.048615,-0.006787,1.000000;;
            }

            Frame Bip01_R_Finger21 {
             

             FrameTransformMatrix {
              0.995117,0.000000,0.098705,0.000000,-0.000000,1.000000,-0.000000,0.000000,-0.098705,-0.000000,0.995117,0.000000,0.506202,-0.000000,-0.000002,1.000000;;
             }

             Frame Bip01_R_Finger22 {
              

              FrameTransformMatrix {
               1.000000,0.000000,-0.000000,0.000000,0.000000,1.000000,-0.000000,0.000000,0.000000,0.000000,1.000000,0.000000,0.666978,-0.000000,0.000000,1.000000;;
              }

              Frame Bip01_R_Finger2Nub {
               

               FrameTransformMatrix {
                1.000000,-0.000000,0.000000,0.000000,-0.000000,-1.000000,-0.000000,0.000000,-0.000000,-0.000000,1.000000,0.000000,0.114567,0.000000,-0.000002,1.000000;;
               }
              }
             }
            }
           }

           Frame Bip01_R_Finger3 {
            

            FrameTransformMatrix {
             0.978656,0.000164,0.205507,0.000000,-0.000000,1.000000,-0.000796,0.000000,-0.205507,0.000779,0.978656,0.000000,1.198945,-0.223685,-0.001424,1.000000;;
            }

            Frame Bip01_R_Finger31 {
             

             FrameTransformMatrix {
              1.000000,0.000000,0.000000,0.000000,0.000000,1.000000,0.000000,0.000000,0.000000,-0.000000,1.000000,0.000000,0.525597,-0.000000,0.000000,1.000000;;
             }

             Frame Bip01_R_Finger32 {
              

              FrameTransformMatrix {
               1.000000,0.000000,0.000000,0.000000,0.000000,1.000000,0.000000,0.000000,0.000000,-0.000000,1.000000,0.000000,0.571338,0.000000,0.000000,1.000000;;
              }

              Frame Bip01_R_Finger3Nub {
               

               FrameTransformMatrix {
                1.000000,-0.000000,0.000000,0.000000,-0.000000,-1.000000,-0.000000,0.000000,-0.000000,-0.000000,1.000000,0.000000,0.116399,0.000000,-0.000002,1.000000;;
               }
              }
             }
            }
           }

           Frame Bip01_R_Finger4 {
            

            FrameTransformMatrix {
             0.993775,-0.084693,0.072377,0.000000,0.084093,0.996393,0.011312,0.000000,-0.073073,-0.005155,0.997313,0.000000,1.103014,-0.457295,0.072795,1.000000;;
            }

            Frame Bip01_R_Finger41 {
             

             FrameTransformMatrix {
              0.984866,0.000000,0.173315,0.000000,-0.000000,1.000000,0.000000,0.000000,-0.173315,-0.000000,0.984866,0.000000,0.447389,-0.000000,0.000000,1.000000;;
             }

             Frame Bip01_R_Finger42 {
              

              FrameTransformMatrix {
               1.000000,0.000000,0.000000,0.000000,-0.000000,1.000000,-0.000000,0.000000,0.000000,-0.000000,1.000000,0.000000,0.400814,0.000000,0.000000,1.000000;;
              }

              Frame Bip01_R_Finger4Nub {
               

               FrameTransformMatrix {
                1.000000,-0.000000,0.000000,0.000000,-0.000000,-1.000000,-0.000000,0.000000,-0.000000,-0.000000,1.000000,0.000000,0.301771,0.000000,0.000000,1.000000;;
               }
              }
             }
            }
           }

           Frame gum {
            

            FrameTransformMatrix {
             0.994736,-0.026165,0.099068,0.000000,0.026096,0.999657,0.001996,0.000000,-0.099087,0.000600,0.995078,0.000000,1.157863,-0.054849,0.242627,1.000000;;
            }
           }

           Frame stick {
            

            FrameTransformMatrix {
             -0.993494,0.026168,-0.110839,0.000000,0.026285,0.999654,0.000403,0.000000,0.110811,-0.002513,-0.993838,0.000000,1.162602,3.834962,0.221056,1.000000;;
            }
           }
          }
         }
        }
       }
      }

      Frame slot_rhand {
       

       FrameTransformMatrix {
        0.496776,0.866025,0.056687,0.000000,-0.860441,0.500000,-0.098186,0.000000,-0.113375,0.000000,0.993552,0.000000,3.790700,-1.803894,-0.932844,1.000000;;
       }
      }

      Frame stick_rslot {
       

       FrameTransformMatrix {
        0.485667,0.872384,0.055429,0.000000,0.866940,-0.488819,0.097309,0.000000,0.111986,0.000794,-0.993709,0.000000,0.110211,0.470362,-1.281525,1.000000;;
       }
      }

      Frame whal_slot {
       

       FrameTransformMatrix {
        0.256177,-0.447060,0.077624,0.000000,0.082184,-0.041952,-0.512836,0.000000,-0.446244,-0.264371,-0.049886,0.000000,0.668188,0.226066,-1.176170,1.000000;;
       }
      }

      Frame Bone30 {
       

       FrameTransformMatrix {
        -0.764265,-0.000000,0.644902,0.000000,-0.000000,1.000000,-0.000000,0.000000,-0.644902,-0.000000,-0.764265,0.000000,2.171132,0.000797,0.828752,1.000000;;
       }

       Frame Bone31 {
        

        FrameTransformMatrix {
         0.907287,0.000000,0.420512,0.000000,-0.000000,1.000000,0.000000,0.000000,-0.420512,-0.000000,0.907287,0.000000,1.065482,0.000000,0.000000,1.000000;;
        }

        Frame Bone32 {
         

         FrameTransformMatrix {
          0.933221,-0.000000,0.359303,0.000000,-0.000000,1.000000,0.000000,0.000000,-0.359303,-0.000000,0.933221,0.000000,1.102469,0.000000,0.000000,1.000000;;
         }

         Frame Bone33 {
          

          FrameTransformMatrix {
           1.000000,0.000000,0.000000,0.000000,-0.000000,1.000000,0.000000,0.000000,-0.000000,-0.000000,1.000000,0.000000,1.126075,0.000000,0.000000,1.000000;;
          }
         }
        }
       }
      }
     }
    }

    Frame Bip01_L_Thigh {
     

     FrameTransformMatrix {
      -0.998832,0.004467,-0.048108,0.000000,-0.004467,-0.999990,-0.000104,0.000000,-0.048108,0.000111,0.998842,0.000000,-1.037808,0.965662,-0.037839,1.000000;;
     }

     Frame Bip01_L_Calf {
      

      FrameTransformMatrix {
       0.993861,0.000000,-0.110638,0.000000,-0.000000,1.000000,0.000000,0.000000,0.110638,-0.000000,0.993861,0.000000,4.551894,-0.000000,0.000000,1.000000;;
      }

      Frame Bip01_L_Foot {
       

       FrameTransformMatrix {
        0.992600,0.004468,0.121348,0.000000,-0.004428,0.999990,-0.000602,0.000000,-0.121349,0.000060,0.992610,0.000000,5.348633,0.000000,0.000000,1.000000;;
       }

       Frame Bip01_L_Toe0 {
        

        FrameTransformMatrix {
         -0.000000,0.000000,1.000000,0.000000,-0.000000,1.000000,-0.000000,0.000000,-1.000000,-0.000000,-0.000000,0.000000,1.110512,0.000000,1.623291,1.000000;;
        }

        Frame Bip01_L_Toe0Nub {
         

         FrameTransformMatrix {
          1.000000,-0.000000,0.000000,0.000000,-0.000000,-1.000000,-0.000000,0.000000,0.000000,-0.000000,1.000000,0.000000,0.669183,0.000000,0.000000,1.000000;;
         }
        }
       }
      }
     }
    }

    Frame Bip01_R_Thigh {
     

     FrameTransformMatrix {
      -0.998832,-0.004468,-0.048108,0.000000,0.004468,-0.999990,0.000110,0.000000,-0.048108,-0.000105,0.998842,0.000000,-1.037808,-0.965662,-0.037834,1.000000;;
     }

     Frame Bip01_R_Calf {
      

      FrameTransformMatrix {
       0.993861,0.000000,-0.110638,0.000000,0.000000,1.000000,0.000000,0.000000,0.110638,-0.000000,0.993861,0.000000,4.551893,-0.000000,0.000000,1.000000;;
      }

      Frame Bip01_R_Foot {
       

       FrameTransformMatrix {
        0.992600,-0.004469,0.121348,0.000000,0.004428,0.999990,0.000602,0.000000,-0.121349,-0.000060,0.992610,0.000000,5.348633,0.000000,0.000000,1.000000;;
       }

       Frame Bip01_R_Toe0 {
        

        FrameTransformMatrix {
         -0.000000,0.000000,1.000000,0.000000,-0.000000,1.000000,-0.000000,0.000000,-1.000000,-0.000000,-0.000000,0.000000,1.110512,0.000000,1.623291,1.000000;;
        }

        Frame Bip01_R_Toe0Nub {
         

         FrameTransformMatrix {
          1.000000,0.000000,0.000000,0.000000,-0.000000,1.000000,0.000000,0.000000,0.000000,-0.000000,1.000000,0.000000,0.669183,0.000000,0.000000,1.000000;;
         }
        }
       }
      }
     }
    }
   }

   Frame Bone01 {
    

    FrameTransformMatrix {
     -0.633713,0.483949,0.603490,0.000000,0.371819,0.874669,-0.310973,0.000000,-0.678350,0.027322,-0.734231,0.000000,0.986772,0.213855,1.365722,1.000000;;
    }

    Frame Bone02 {
     

     FrameTransformMatrix {
      0.886276,-0.130114,0.444507,0.000000,0.116305,0.991499,0.058332,0.000000,-0.448318,0.000000,0.893874,0.000000,1.129885,-0.000000,0.000020,1.000000;;
     }

     Frame Bone03 {
      

      FrameTransformMatrix {
       1.000000,0.000000,0.000000,0.000000,-0.000000,1.000000,0.000000,0.000000,-0.000000,0.000000,1.000000,0.000000,1.317421,0.000000,-0.000000,1.000000;;
      }
     }
    }
   }

   Frame Bone22 {
    

    FrameTransformMatrix {
     -0.987895,-0.000001,0.155124,0.000000,-0.000001,1.000000,0.000003,0.000000,-0.155124,0.000003,-0.987895,0.000000,1.009328,0.000793,1.419268,1.000000;;
    }

    Frame Bone23 {
     

     FrameTransformMatrix {
      0.983672,0.000000,0.179969,0.000000,-0.000000,1.000000,0.000000,0.000000,-0.179969,-0.000000,0.983672,0.000000,1.930148,-0.000000,0.000006,1.000000;;
     }

     Frame Bone24 {
      

      FrameTransformMatrix {
       1.000000,0.000000,0.000000,0.000000,0.000000,1.000000,0.000000,0.000000,-0.000000,0.000000,1.000000,0.000000,1.875864,-0.000000,-0.000000,1.000000;;
      }

      Frame Bone28 {
       

       FrameTransformMatrix {
        0.999928,-0.000000,0.012007,0.000000,-0.000000,1.000000,-0.000000,0.000000,-0.012007,0.000000,0.999928,0.000000,0.200001,-0.000000,0.000000,1.000000;;
       }

       Frame Bone29 {
        

        FrameTransformMatrix {
         1.000000,-0.000000,-0.000000,0.000000,-0.000000,1.000000,0.000000,0.000000,0.000000,0.000000,1.000000,0.000000,3.253440,0.000000,-0.000001,1.000000;;
        }
       }
      }
     }
    }
   }

   Frame Bone04 {
    

    FrameTransformMatrix {
     -0.633712,-0.483953,0.603488,0.000000,0.371821,-0.874667,-0.310977,0.000000,-0.678350,-0.027320,-0.734231,0.000000,0.986773,-0.212268,1.365720,1.000000;;
    }

    Frame Bone05 {
     

     FrameTransformMatrix {
      0.886276,-0.130114,0.444507,0.000000,0.116306,0.991499,0.058332,0.000000,-0.448318,0.000000,0.893874,0.000000,1.129884,0.000000,0.000020,1.000000;;
     }

     Frame Bone06 {
      

      FrameTransformMatrix {
       1.000000,0.000000,0.000000,0.000000,-0.000000,1.000000,0.000000,0.000000,-0.000000,-0.000000,1.000000,0.000000,1.317422,0.000000,-0.000000,1.000000;;
      }
     }
    }
   }

   Frame Bone11 {
    

    FrameTransformMatrix {
     -0.995377,-0.000001,0.096047,0.000000,-0.000001,1.000000,-0.000001,0.000000,-0.096047,-0.000002,-0.995377,0.000000,0.652494,0.000793,1.126091,1.000000;;
    }

    Frame Bone12 {
     

     FrameTransformMatrix {
      0.998303,0.000000,0.058237,0.000000,0.000000,1.000000,-0.000004,0.000000,-0.058237,0.000004,0.998303,0.000000,2.496127,-0.000000,0.000004,1.000000;;
     }

     Frame Bone13 {
      

      FrameTransformMatrix {
       1.000000,0.000000,-0.000000,0.000000,-0.000000,1.000000,0.000000,0.000000,0.000000,-0.000000,1.000000,0.000000,1.807364,0.000000,-0.000000,1.000000;;
      }
     }
    }
   }

   Frame Bone07 {
    

    FrameTransformMatrix {
     -0.970791,0.231787,-0.061959,0.000000,-0.070235,-0.027619,0.997148,0.000000,0.229415,0.972374,0.043091,0.000000,0.714487,1.614788,0.150480,1.000000;;
    }

    Frame Bone08 {
     

     FrameTransformMatrix {
      0.988469,0.000000,-0.151420,0.000000,0.000000,1.000000,-0.000000,0.000000,0.151420,-0.000000,0.988469,0.000000,1.560001,-0.000000,-0.000008,1.000000;;
     }

     Frame Bone09 {
      

      FrameTransformMatrix {
       0.998175,-0.000000,-0.060386,0.000000,-0.000000,1.000000,0.000000,0.000000,0.060386,-0.000000,0.998176,0.000000,1.902919,0.000000,-0.000000,1.000000;;
      }

      Frame Bone10 {
       

       FrameTransformMatrix {
        1.000000,0.000000,0.000000,0.000000,-0.000000,1.000000,-0.000000,0.000000,-0.000000,-0.000000,1.000000,0.000000,1.391009,0.000000,0.000000,1.000000;;
       }
      }
     }
    }
   }

   Frame Bone14 {
    

    FrameTransformMatrix {
     -0.958934,-0.000000,-0.283629,0.000000,-0.000001,1.000000,0.000003,0.000000,0.283629,0.000003,-0.958934,0.000000,0.897640,0.000799,-0.924218,1.000000;;
    }

    Frame Bone15 {
     

     FrameTransformMatrix {
      0.994205,-0.000000,-0.107506,0.000000,-0.000000,1.000000,0.000000,0.000000,0.107507,-0.000000,0.994205,0.000000,1.650062,-0.000000,-0.000010,1.000000;;
     }

     Frame Bone16 {
      

      FrameTransformMatrix {
       0.999512,0.000000,0.031227,0.000000,0.000000,1.000000,0.000000,0.000000,-0.031227,0.000000,0.999512,0.000000,1.245824,-0.000000,0.000001,1.000000;;
      }

      Frame Bone17 {
       

       FrameTransformMatrix {
        1.000000,0.000000,0.000000,0.000000,0.000000,1.000000,0.000000,0.000000,0.000000,0.000000,1.000000,0.000000,1.595432,0.000000,0.000000,1.000000;;
       }
      }
     }
    }
   }

   Frame Bone25 {
    

    FrameTransformMatrix {
     -0.886584,0.000000,-0.462567,0.000000,-0.000001,1.000000,0.000003,0.000000,0.462567,0.000003,-0.886584,0.000000,1.308742,0.000802,-1.117860,1.000000;;
    }

    Frame Bone26 {
     

     FrameTransformMatrix {
      0.929153,0.000000,-0.369695,0.000000,-0.000000,1.000000,0.000000,0.000000,0.369695,0.000000,0.929153,0.000000,1.635249,-0.000000,0.000000,1.000000;;
     }

     Frame Bone27 {
      

      FrameTransformMatrix {
       1.000000,-0.000000,0.000000,0.000000,-0.000000,1.000000,0.000000,0.000000,0.000000,-0.000000,1.000000,0.000000,1.853425,-0.000000,0.000001,1.000000;;
      }
     }
    }
   }

   Frame Bone18 {
    

    FrameTransformMatrix {
     -0.968872,-0.235503,-0.076323,0.000000,-0.099634,0.088710,0.991062,0.000000,0.226627,-0.967816,0.109413,0.000000,0.714491,-1.613195,0.150471,1.000000;;
    }

    Frame Bone19 {
     

     FrameTransformMatrix {
      0.988469,-0.000000,-0.151421,0.000000,0.000000,1.000000,0.000000,0.000000,0.151420,0.000000,0.988469,0.000000,1.560001,0.000000,-0.000008,1.000000;;
     }

     Frame Bone20 {
      

      FrameTransformMatrix {
       0.998175,0.000000,-0.060386,0.000000,0.000000,1.000000,-0.000000,0.000000,0.060386,-0.000000,0.998176,0.000000,1.902921,0.000000,-0.000000,1.000000;;
      }

      Frame Bone21 {
       

       FrameTransformMatrix {
        1.000000,0.000000,-0.000000,0.000000,-0.000000,1.000000,0.000000,0.000000,-0.000000,0.000000,1.000000,0.000000,1.391011,0.000000,0.000000,1.000000;;
       }
      }
     }
    }
   }
  }
 }

 Frame m2_bs_hand {
  

  FrameTransformMatrix {
   1.068287,0.000000,0.000000,0.000000,0.000000,1.068287,0.000000,0.000000,0.000000,0.000000,1.068287,0.000000,-0.022513,18.310413,-0.671757,1.000000;;
  }
 }

 Frame m2_bs_leg {
  

  FrameTransformMatrix {
   1.068287,0.000000,0.000000,0.000000,0.000000,1.068287,0.000000,0.000000,0.000000,0.000000,1.068287,0.000000,-0.006232,18.316319,-0.671757,1.000000;;
  }
 }

 Frame m2_bs_body {
  

  FrameTransformMatrix {
   1.068287,0.000000,0.000000,0.000000,0.000000,1.068287,0.000000,0.000000,0.000000,0.000000,1.068287,0.000000,-0.000133,14.930250,0.145021,1.000000;;
  }
 }

 Frame m2_bs_hair {
  

  FrameTransformMatrix {
   1.068287,0.000000,0.000000,0.000000,0.000000,1.068287,0.000000,0.000000,0.000000,0.000000,1.068287,0.000000,-0.022513,18.284172,-0.695277,1.000000;;
  }
 }

 Frame m2_bs_foot {
  

  FrameTransformMatrix {
   1.068287,0.000000,0.000000,0.000000,0.000000,1.068287,0.000000,0.000000,0.000000,0.000000,1.068287,0.000000,-0.006232,18.316319,-0.671757,1.000000;;
  }
 }

 Frame m2_kdb_leg {
  

  FrameTransformMatrix {
   1.000000,0.000000,0.000000,0.000000,0.000000,1.000000,0.000000,0.000000,0.000000,0.000000,1.000000,0.000000,-0.012204,17.469452,-1.027165,1.000000;;
  }
 }

 Frame m2_kdb_body {
  

  FrameTransformMatrix {
   1.000000,0.000000,0.000000,0.000000,0.000000,1.000000,0.000000,0.000000,0.000000,0.000000,1.000000,0.000000,-0.009622,18.438473,-0.698377,1.000000;;
  }
 }

 Frame m2_khb_body {
  

  FrameTransformMatrix {
   1.000000,0.000000,0.000000,0.000000,0.000000,1.000000,0.000000,0.000000,0.000000,0.000000,1.000000,0.000000,-0.007106,18.575882,-0.633484,1.000000;;
  }
 }

 Frame m2_khb_foot {
  

  FrameTransformMatrix {
   1.000000,0.000000,0.000000,0.000000,0.000000,1.000000,0.000000,0.000000,0.000000,0.000000,1.000000,0.000000,-0.027663,17.470993,-0.449662,1.000000;;
  }
 }

 Frame m2_db_leg {
  

  FrameTransformMatrix {
   1.000000,0.000000,0.000000,0.000000,0.000000,1.000000,0.000000,0.000000,0.000000,0.000000,1.000000,0.000000,-0.012204,17.469452,-1.027165,1.000000;;
  }
 }

 Frame m2_db_body {
  

  FrameTransformMatrix {
   1.000000,0.000000,0.000000,0.000000,0.000000,1.000000,0.000000,0.000000,0.000000,0.000000,1.000000,0.000000,-0.009622,18.438473,-0.698377,1.000000;;
  }
 }

 Frame m2_wdb_leg {
  

  FrameTransformMatrix {
   1.000000,0.000000,0.000000,0.000000,0.000000,1.000000,0.000000,0.000000,0.000000,0.000000,1.000000,0.000000,-0.012204,17.469452,-1.027165,1.000000;;
  }
 }

 Frame m2_wdb_body {
  

  FrameTransformMatrix {
   1.000000,0.000000,0.000000,0.000000,0.000000,1.000000,0.000000,0.000000,0.000000,0.000000,1.000000,0.000000,-0.009622,18.438473,-0.698377,1.000000;;
  }
 }

 Frame m2_kr_leg {
  

  FrameTransformMatrix {
   1.000000,0.000000,0.000000,0.000000,0.000000,1.000000,0.000000,0.000000,0.000000,0.000000,1.000000,0.000000,-0.012204,17.469452,-1.027165,1.000000;;
  }
 }

 Frame m2_kr_body {
  

  FrameTransformMatrix {
   1.000000,0.000000,0.000000,0.000000,0.000000,1.000000,0.000000,0.000000,0.000000,0.000000,1.000000,0.000000,-0.009622,18.438473,-0.698377,1.000000;;
  }
 }

 Frame m2_ml_leg {
  

  FrameTransformMatrix {
   1.000000,0.000000,0.000000,0.000000,0.000000,1.000000,0.000000,0.000000,0.000000,0.000000,1.000000,0.000000,-0.012204,17.469452,-1.027165,1.000000;;
  }
 }

 Frame m2_ml_body {
  

  FrameTransformMatrix {
   1.000000,0.000000,0.000000,0.000000,0.000000,1.000000,0.000000,0.000000,0.000000,0.000000,1.000000,0.000000,-0.009622,18.438473,-0.698377,1.000000;;
  }
 }

 Frame m2_ml_foot {
  

  FrameTransformMatrix {
   1.000000,0.000000,0.000000,0.000000,0.000000,1.000000,0.000000,0.000000,0.000000,0.000000,1.000000,0.000000,0.009468,17.470993,-0.449662,1.000000;;
  }
 }

 Frame m2_nj_leg {
  

  FrameTransformMatrix {
   1.068287,0.000000,0.000000,0.000000,0.000000,1.068287,0.000000,0.000000,0.000000,0.000000,1.068287,0.000000,-0.006232,18.316319,-0.671757,1.000000;;
  }
 }

 Frame m2_nj_body {
  

  FrameTransformMatrix {
   1.068287,0.000000,0.000000,0.000000,0.000000,1.068287,0.000000,0.000000,0.000000,0.000000,1.068287,0.000000,-0.000133,14.930250,0.145021,1.000000;;
  }
 }

 Frame m2_nj_foot {
  

  FrameTransformMatrix {
   1.068287,0.000000,0.000000,0.000000,0.000000,1.068287,0.000000,0.000000,0.000000,0.000000,1.068287,0.000000,-0.006232,18.316319,-0.671757,1.000000;;
  }
 }

 Frame m2_nj_hand {
  

  FrameTransformMatrix {
   1.068287,0.000000,0.000000,0.000000,0.000000,1.068287,0.000000,0.000000,0.000000,0.000000,1.068287,0.000000,-0.022513,18.311563,-0.671757,1.000000;;
  }
 }

 Frame m2_TE_hand {
  

  FrameTransformMatrix {
   1.078804,0.000000,0.000000,0.000000,0.000000,1.078804,0.000000,0.000000,0.000000,0.000000,1.078804,0.000000,-0.023764,18.364708,-0.547221,1.000000;;
  }
 }

 Frame m2_TE_foot {
  

  FrameTransformMatrix {
   1.000000,0.000000,0.000000,0.000000,0.000000,1.000000,0.000000,0.000000,0.000000,0.000000,1.000000,0.000000,-0.010050,0.016251,0.046441,1.000000;;
  }
 }

 Frame m2_TE_body {
  

  FrameTransformMatrix {
   1.000000,0.000000,0.000000,0.000000,0.000000,1.000000,0.000000,0.000000,0.000000,0.000000,1.000000,0.000000,-0.007947,18.309883,-0.671757,1.000000;;
  }
 }

 Frame m1_TE_leg {
  

  FrameTransformMatrix {
   1.000000,0.000000,0.000000,0.000000,0.000000,1.000000,0.000000,0.000000,0.000000,0.000000,1.000000,0.000000,-0.010260,0.656598,0.112645,1.000000;;
  }
 }

 Frame m2_tg_leg {
  

  FrameTransformMatrix {
   1.000000,0.000000,0.000000,0.000000,0.000000,1.000000,0.000000,0.000000,0.000000,0.000000,1.000000,0.000000,-0.012204,17.469452,-1.027165,1.000000;;
  }
 }

 Frame m2_tg_body {
  

  FrameTransformMatrix {
   1.000000,0.000000,0.000000,0.000000,0.000000,1.000000,0.000000,0.000000,0.000000,0.000000,1.000000,0.000000,-0.009622,18.438473,-0.698377,1.000000;;
  }
 }

 Frame m2_tq_foot {
  

  FrameTransformMatrix {
   1.000000,0.000000,0.000000,0.000000,0.000000,1.000000,0.000000,0.000000,0.000000,0.000000,1.000000,0.000000,-0.027663,17.470993,-0.449662,1.000000;;
  }
 }

 Frame m1_sn_body {
  

  FrameTransformMatrix {
   1.000000,0.000000,0.000000,0.000000,0.000000,1.000000,0.000000,0.000000,0.000000,0.000000,1.000000,0.000000,-0.005661,18.531528,-0.724196,1.000000;;
  }
 }

 Frame m1_sn_leg {
  

  FrameTransformMatrix {
   1.000000,0.000000,0.000000,0.000000,0.000000,1.000000,0.000000,0.000000,0.000000,0.000000,1.000000,0.000000,-0.007038,18.724895,-1.032820,1.000000;;
  }
 }

 Frame m1_sn_foot {
  

  FrameTransformMatrix {
   1.000000,0.000000,0.000000,0.000000,0.000000,1.000000,0.000000,0.000000,0.000000,0.000000,1.000000,0.000000,-0.028046,18.997961,-0.491129,1.000000;;
  }
 }

 Frame m2_bl_leg {
  

  FrameTransformMatrix {
   1.000000,0.000000,0.000000,0.000000,0.000000,1.000000,0.000000,0.000000,0.000000,0.000000,1.000000,0.000000,-0.006232,18.316319,-0.671757,1.000000;;
  }
 }

 Frame m2_bl_body {
  

  FrameTransformMatrix {
   1.000000,0.000000,0.000000,0.000000,0.000000,1.000000,0.000000,0.000000,0.000000,0.000000,1.000000,0.000000,-0.000133,14.930250,0.145021,1.000000;;
  }
 }

 Frame m2_bl_foot {
  

  FrameTransformMatrix {
   1.000000,0.000000,0.000000,0.000000,0.000000,1.000000,0.000000,0.000000,0.000000,0.000000,1.000000,0.000000,-0.006232,18.316319,-0.671757,1.000000;;
  }
 }

 Frame Particle_View_01 {
  

  FrameTransformMatrix {
   1.000000,0.000000,0.000000,0.000000,0.000000,-0.000000,-1.000000,0.000000,0.000000,1.000000,-0.000000,0.000000,0.000000,0.000000,0.000000,1.000000;;
  }
 }

 Frame m2_jj_body {
  

  FrameTransformMatrix {
   1.000000,0.000000,0.000000,0.000000,0.000000,1.000000,0.000000,0.000000,0.000000,0.000000,1.000000,0.000000,-0.006214,18.438391,-0.698377,1.000000;;
  }
 }

 Frame m2_jj_foot {
  

  FrameTransformMatrix {
   1.000000,0.000000,0.000000,0.000000,0.000000,1.000000,0.000000,0.000000,0.000000,0.000000,1.000000,0.000000,-0.027663,17.470993,-0.449662,1.000000;;
  }
 }

 Frame m2_ii_leg {
  

  FrameTransformMatrix {
   1.000000,0.000000,0.000000,0.000000,0.000000,1.000000,0.000000,0.000000,0.000000,0.000000,1.000000,0.000000,-0.012204,17.469452,-1.027165,1.000000;;
  }
 }

 Frame m2_ccb_body {
  

  FrameTransformMatrix {
   1.000000,0.000000,0.000000,0.000000,0.000000,1.000000,0.000000,0.000000,0.000000,0.000000,1.000000,0.000000,-0.023374,14.474240,-0.000001,1.000000;;
  }
 }

 Frame m2_ccb_leg {
  

  FrameTransformMatrix {
   1.000000,0.000000,0.000000,0.000000,0.000000,1.000000,0.000000,0.000000,0.000000,0.000000,1.000000,0.000000,-0.022513,18.878525,-0.671757,1.000000;;
  }
 }

 Frame m2_face00 {
  

  FrameTransformMatrix {
   1.000000,0.000000,0.000000,0.000000,0.000000,1.000000,0.000000,0.000000,0.000000,0.000000,1.000000,0.000000,-0.024125,18.358845,-0.547658,1.000000;;
  }
 }

 Frame m2_bedal_hair {
  

  FrameTransformMatrix {
   1.000000,0.000000,0.000000,0.000000,0.000000,1.000000,0.000000,0.000000,0.000000,0.000000,1.000000,0.000000,-0.004513,18.409632,0.248800,1.000000;;
  }
 }

 Frame m2_cr_body {
  

  FrameTransformMatrix {
   1.000000,0.000000,0.000000,0.000000,0.000000,1.000000,0.000000,0.000000,0.000000,0.000000,1.000000,0.000000,-0.009499,18.314932,-0.591589,1.000000;;
  }
 }

 Frame m2_cr_leg {
  

  FrameTransformMatrix {
   1.000000,0.000000,0.000000,0.000000,0.000000,1.000000,0.000000,0.000000,0.000000,0.000000,1.000000,0.000000,-0.012204,17.469452,-1.027165,1.000000;;
  }
 }

 Frame m2_cr_foot {
  

  FrameTransformMatrix {
   1.000000,0.000000,0.000000,0.000000,0.000000,1.000000,0.000000,0.000000,0.000000,0.000000,1.000000,0.000000,-0.006232,18.316319,-0.671757,1.000000;;
  }
 }

 Frame m2_cj01_body {
  

  FrameTransformMatrix {
   1.000000,0.000000,0.000000,0.000000,0.000000,1.000000,0.000000,0.000000,0.000000,0.000000,1.000000,0.000000,-0.014753,14.625478,0.135998,1.000000;;
  }
 }

 Frame m2_cj01_foot {
  

  FrameTransformMatrix {
   1.000000,0.000000,0.000000,0.000000,0.000000,1.000000,0.000000,0.000000,0.000000,0.000000,1.000000,0.000000,-0.023176,-0.037222,-0.692023,1.000000;;
