xof 0303txt 0032
template SkinWeights {
 <6f0d123b-bad2-4167-a0d0-80224f25fabb>
 STRING transformNodeName;
 DWORD nWeights;
 array DWORD vertexIndices[nWeights];
 array FLOAT weights[nWeights];
 Matrix4x4 matrixOffset;
}

template XSkinMeshHeader {
 <3cf169ce-ff7c-44ab-93c0-f78f62d172e2>
 WORD nMaxSkinWeightsPerVertex;
 WORD nMaxSkinWeightsPerFace;
 WORD nBones;
}


Frame Scene_Root {
 

 FrameTransformMatrix {
  1.000000,0.000000,0.000000,0.000000,0.000000,1.000000,0.000000,0.000000,0.000000,0.000000,1.000000,0.000000,0.000000,0.000000,0.000000,1.000000;;
 }

 Frame Bip01 {
  

  FrameTransformMatrix {
   0.000002,0.000000,1.000000,0.000000,0.000000,1.000000,0.000000,0.000000,-1.000000,0.000000,0.000002,0.000000,0.000768,9.762744,-0.393173,1.000000;;
  }

  Frame Bip01_Footsteps {
   

   FrameTransformMatrix {
    0.000002,0.000000,-1.000000,0.000000,0.000000,1.000000,0.000000,0.000000,1.000000,0.000000,0.000002,0.000000,0.000000,-9.777670,0.000000,1.000000;;
   }
  }

  Frame Bip01_Pelvis {
   

   FrameTransformMatrix {
    0.000000,1.000000,0.000001,0.000000,-0.000001,0.000001,-1.000000,0.000000,-1.000000,-0.000000,0.000001,0.000000,0.182813,0.000000,0.000000,1.000000;;
   }

   Frame Bip01_Spine {
    

    FrameTransformMatrix {
     0.998337,0.000001,0.057652,0.000000,-0.000001,1.000000,-0.000004,0.000000,-0.057652,0.000004,0.998337,0.000000,0.944271,0.000001,0.000873,1.000000;;
    }

    Frame Bip01_Spine1 {
     

     FrameTransformMatrix {
      0.998291,-0.000000,0.058447,0.000000,0.000000,1.000000,0.000000,0.000000,-0.058447,0.000000,0.998290,0.000000,1.098585,0.000000,0.000919,1.000000;;
     }

     Frame Bip01_Spine2 {
      

      FrameTransformMatrix {
       0.998291,-0.000000,0.058447,0.000000,0.000000,1.000000,0.000000,0.000000,-0.058447,-0.000000,0.998291,0.000000,1.155985,0.000000,0.001462,1.000000;;
      }

      Frame Bip01_Neck {
       

       FrameTransformMatrix {
        0.984650,0.000001,-0.174540,0.000000,-0.000001,1.000000,0.000000,0.000000,0.174540,0.000000,0.984650,0.000000,1.839451,0.000000,0.000799,1.000000;;
       }

       Frame Bip01_Head {
        

        FrameTransformMatrix {
         0.987897,0.000000,-0.155109,0.000000,-0.000000,1.000000,-0.000000,0.000000,0.155109,0.000000,0.987897,0.000000,1.019323,0.000000,0.000000,1.000000;;
        }

        Frame Bip01_HeadNub {
         

         FrameTransformMatrix {
          1.000000,0.000000,-0.000000,0.000000,-0.000000,1.000000,0.000000,0.000000,0.000000,-0.000000,1.000000,0.000000,1.929703,-0.000000,0.000000,1.000000;;
         }
        }

        Frame Bone17 {
         

         FrameTransformMatrix {
          0.105394,-0.000002,0.994431,0.000000,0.000001,1.000000,0.000001,0.000000,-0.994431,0.000000,0.105394,0.000000,1.510332,-0.000769,0.688574,1.000000;;
         }

         Frame Bone18 {
          

          FrameTransformMatrix {
           0.562805,0.000000,0.826589,0.000000,-0.000000,1.000000,0.000000,0.000000,-0.826589,-0.000000,0.562806,0.000000,0.447381,0.000000,0.000000,1.000000;;
          }

          Frame Bone19 {
           

           FrameTransformMatrix {
            0.794956,0.000000,0.606667,0.000000,-0.000000,1.000000,-0.000000,0.000000,-0.606667,-0.000000,0.794956,0.000000,0.500718,0.000000,-0.000012,1.000000;;
           }

           Frame Bone20 {
            

            FrameTransformMatrix {
             0.991855,0.000000,0.127376,0.000000,-0.000000,1.000000,-0.000000,0.000000,-0.127376,0.000000,0.991855,0.000000,0.969427,0.000000,0.000025,1.000000;;
            }

            Frame Bone35 {
             

             FrameTransformMatrix {
              0.998253,0.000000,-0.059093,0.000000,-0.000000,1.000000,0.000000,0.000000,0.059093,-0.000000,0.998253,0.000000,0.919878,-0.000000,-0.000001,1.000000;;
             }

             Frame Bone36 {
              

              FrameTransformMatrix {
               1.000000,0.000000,-0.000000,0.000000,-0.000000,1.000000,-0.000000,0.000000,-0.000000,0.000000,1.000000,0.000000,0.606623,-0.000000,0.000000,1.000000;;
              }
             }
            }
           }
          }
         }
        }
       }

       Frame Bip01_L_Clavicle {
        

        FrameTransformMatrix {
         -0.147669,0.988687,-0.026295,0.000000,0.973373,0.149991,0.173341,0.000000,0.175324,0.000003,-0.984511,0.000000,-0.000001,0.287402,-0.000811,1.000000;;
        }

        Frame Bip01_L_UpperArm {
         

         FrameTransformMatrix {
          0.982825,0.184439,0.006193,0.000000,-0.182676,0.967576,0.174431,0.000000,0.026180,-0.172567,0.984650,0.000000,1.067495,0.000001,0.000000,1.000000;;
         }

         Frame Bip01_L_Forearm {
          

          FrameTransformMatrix {
           0.999839,-0.000000,0.017927,0.000000,0.000000,1.000000,0.000000,0.000000,-0.017927,0.000000,0.999839,0.000000,2.171630,0.000000,0.000000,1.000000;;
          }

          Frame Bip01_L_Hand {
           

           FrameTransformMatrix {
            0.997166,0.075229,-0.000000,0.000000,-0.000060,0.000794,-1.000000,0.000000,-0.075229,0.997166,0.000796,0.000000,2.289677,0.000001,0.000000,1.000000;;
           }

           Frame Bip01_L_Finger0 {
            

            FrameTransformMatrix {
             0.854913,-0.460451,-0.238977,0.000000,0.309592,0.083200,0.947222,0.000000,-0.416266,-0.883778,0.213681,0.000000,0.506417,-0.334753,-0.044380,1.000000;;
            }

            Frame Bip01_L_Finger01 {
             

             FrameTransformMatrix {
              0.996450,0.000000,-0.084192,0.000000,-0.000000,1.000000,-0.000000,0.000000,0.084192,0.000000,0.996449,0.000000,0.282986,-0.000001,-0.000000,1.000000;;
             }

             Frame Bip01_L_Finger02 {
              

              FrameTransformMatrix {
               1.000000,-0.000000,0.000000,0.000000,0.000000,1.000000,0.000000,0.000000,-0.000000,-0.000000,1.000000,0.000000,0.369964,0.000000,0.000000,1.000000;;
              }

              Frame Bip01_L_Finger0Nub {
               

               FrameTransformMatrix {
                1.000000,-0.000000,0.000000,0.000000,0.000000,1.000000,0.000000,0.000000,-0.000000,-0.000000,1.000000,0.000000,0.318915,-0.000001,-0.000000,1.000000;;
               }
              }
             }
            }
           }

           Frame Bip01_L_Finger1 {
            

            FrameTransformMatrix {
             0.971010,-0.164416,-0.173517,0.000000,0.166812,0.985989,-0.000785,0.000000,0.171215,-0.028182,0.984831,0.000000,1.036903,-0.210984,-0.049587,1.000000;;
            }

            Frame Bip01_L_Finger11 {
             

             FrameTransformMatrix {
              0.996981,0.000000,0.077651,0.000000,-0.000000,1.000000,-0.000000,0.000000,-0.077651,0.000000,0.996981,0.000000,0.402440,-0.000000,-0.000001,1.000000;;
             }

             Frame Bip01_L_Finger12 {
              

              FrameTransformMatrix {
               1.000000,0.000000,0.000000,0.000000,-0.000000,1.000000,-0.000000,0.000000,-0.000000,0.000000,1.000000,0.000000,0.386977,-0.000000,0.000001,1.000000;;
              }

              Frame Bip01_L_Finger1Nub {
               

               FrameTransformMatrix {
                1.000000,0.000000,0.000000,0.000000,-0.000000,1.000000,-0.000000,0.000000,-0.000000,0.000000,1.000000,0.000000,0.043164,0.000000,0.000000,1.000000;;
               }
              }
             }
            }
           }

           Frame Bip01_L_Finger2 {
            

            FrameTransformMatrix {
             0.979763,0.143888,-0.139145,0.000000,-0.145411,0.989371,-0.000788,0.000000,0.137553,0.021005,0.990272,0.000000,1.049791,-0.039573,-0.042170,1.000000;;
            }

            Frame Bip01_L_Finger21 {
             

             FrameTransformMatrix {
              1.000000,0.000000,-0.000000,0.000000,-0.000000,1.000000,0.000000,0.000000,0.000000,-0.000000,1.000000,0.000000,0.466743,-0.000000,-0.000001,1.000000;;
             }

             Frame Bip01_L_Finger22 {
              

              FrameTransformMatrix {
               1.000000,0.000000,-0.000000,0.000000,-0.000000,1.000000,0.000000,0.000000,0.000000,-0.000000,1.000000,0.000000,0.428112,0.000000,-0.000001,1.000000;;
              }

              Frame Bip01_L_Finger2Nub {
               

               FrameTransformMatrix {
                1.000000,0.000000,-0.000000,0.000000,-0.000000,1.000000,-0.000000,0.000000,0.000000,0.000000,1.000000,0.000000,0.044037,0.000000,-0.000001,1.000000;;
               }
              }
             }
            }
           }

           Frame Bip01_L_Finger3 {
            

            FrameTransformMatrix {
             0.937899,0.303720,-0.167630,0.000000,-0.308202,0.951321,-0.000758,0.000000,0.159239,0.052374,0.985850,0.000000,1.019030,0.160348,-0.032796,1.000000;;
            }

            Frame Bip01_L_Finger31 {
             

             FrameTransformMatrix {
              1.000000,0.000000,0.000000,0.000000,-0.000000,1.000000,0.000000,0.000000,-0.000000,-0.000000,1.000000,0.000000,0.393759,0.000000,-0.000001,1.000000;;
             }

             Frame Bip01_L_Finger32 {
              

              FrameTransformMatrix {
               1.000000,0.000000,-0.000000,0.000000,-0.000000,1.000000,0.000000,0.000000,0.000000,0.000000,1.000000,0.000000,0.397104,0.000000,0.000000,1.000000;;
              }

              Frame Bip01_L_Finger3Nub {
               

               FrameTransformMatrix {
                1.000000,0.000000,0.000000,0.000000,-0.000000,1.000000,0.000000,0.000000,-0.000000,-0.000000,1.000000,0.000000,0.050093,0.000000,-0.000001,1.000000;;
               }
              }
             }
            }
           }

           Frame Bip01_L_Finger4 {
            

            FrameTransformMatrix {
             0.872327,0.472306,-0.126380,0.000000,-0.460620,0.880570,0.111470,0.000000,0.163934,-0.039025,0.985699,0.000000,0.945114,0.319045,-0.085321,1.000000;;
            }

            Frame Bip01_L_Finger41 {
             

             FrameTransformMatrix {
              1.000000,0.000000,0.000000,0.000000,-0.000000,1.000000,0.000000,0.000000,0.000000,0.000000,1.000000,0.000000,0.288884,0.000000,0.000001,1.000000;;
             }

             Frame Bip01_L_Finger42 {
              

              FrameTransformMatrix {
               1.000000,0.000000,0.000000,0.000000,-0.000000,1.000000,0.000000,0.000000,0.000000,0.000000,1.000000,0.000000,0.311163,0.000000,-0.000001,1.000000;;
              }

              Frame Bip01_L_Finger4Nub {
               

               FrameTransformMatrix {
                1.000000,0.000000,0.000000,0.000000,-0.000000,1.000000,0.000000,0.000000,0.000000,0.000000,1.000000,0.000000,0.038531,-0.000000,-0.000001,1.000000;;
               }
              }
             }
            }
           }

           Frame whal {
            

            FrameTransformMatrix {
             -0.500223,-0.023480,0.144014,0.000000,0.144073,0.001991,0.500753,0.000000,0.023115,-0.520538,-0.004581,0.000000,0.021136,-0.287528,-0.221322,1.000000;;
            }

            Frame BDN0023 {
             

             FrameTransformMatrix {
              1.890939,-0.323506,-0.052288,0.000000,-0.053241,-0.001135,-1.918387,0.000000,-0.323351,-1.891662,0.010093,0.000000,-1.524751,0.401335,0.042078,1.000000;;
             }
            }

            Frame BDN0024 {
             

             FrameTransformMatrix {
              1.890939,-0.323507,-0.052288,0.000000,-0.053241,-0.001136,-1.918387,0.000000,-0.323351,-1.891662,0.010094,0.000000,-1.471401,0.416897,0.040588,1.000000;;
             }
            }

            Frame BDN0025 {
             

             FrameTransformMatrix {
              1.890939,-0.323507,-0.052288,0.000000,-0.053241,-0.001136,-1.918387,0.000000,-0.323351,-1.891662,0.010094,0.000000,-1.477986,0.499054,0.040723,1.000000;;
             }
            }

            Frame BDN0026 {
             

             FrameTransformMatrix {
              1.890939,-0.323507,-0.052287,0.000000,-0.053241,-0.001136,-1.918387,0.000000,-0.323351,-1.891662,0.010094,0.000000,-1.633106,0.465593,0.045047,1.000000;;
             }
            }

            Frame BDN0027 {
             

             FrameTransformMatrix {
              1.890939,-0.323507,-0.052287,0.000000,-0.053241,-0.001136,-1.918387,0.000000,-0.323351,-1.891662,0.010094,0.000000,-1.688267,0.534693,0.046537,1.000000;;
             }
            }

            Frame BDN0028 {
             

             FrameTransformMatrix {
              1.890939,-0.323507,-0.052287,0.000000,-0.053241,-0.001136,-1.918387,0.000000,-0.323351,-1.891662,0.010094,0.000000,-1.577133,0.478601,0.043486,1.000000;;
             }
            }

            Frame BDN0029 {
             

             FrameTransformMatrix {
              1.890939,-0.323507,-0.052287,0.000000,-0.053241,-0.001136,-1.918387,0.000000,-0.323351,-1.891662,0.010094,0.000000,-1.828186,0.445820,0.050473,1.000000;;
             }
            }

            Frame BDN0030 {
             

             FrameTransformMatrix {
              1.890939,-0.323507,-0.052287,0.000000,-0.053241,-0.001136,-1.918387,0.000000,-0.323351,-1.891662,0.010094,0.000000,-1.679462,0.433643,0.046353,1.000000;;
             }
            }

            Frame BDN0031 {
             

             FrameTransformMatrix {
              1.890939,-0.323507,-0.052287,0.000000,-0.053241,-0.001136,-1.918387,0.000000,-0.323351,-1.891662,0.010094,0.000000,-1.459252,0.267879,0.040339,1.000000;;
             }
            }

            Frame BDN0032 {
             

             FrameTransformMatrix {
              1.890939,-0.323507,-0.052287,0.000000,-0.053241,-0.001136,-1.918387,0.000000,-0.323351,-1.891662,0.010094,0.000000,-1.555582,0.332874,0.042974,1.000000;;
             }
            }

            Frame BDN0033 {
             

             FrameTransformMatrix {
              1.890939,-0.323507,-0.052287,0.000000,-0.053241,-0.001136,-1.918387,0.000000,-0.323351,-1.891662,0.010094,0.000000,-1.647144,0.306837,0.045531,1.000000;;
             }
            }

            Frame BDN0034 {
             

             FrameTransformMatrix {
              1.890939,-0.323507,-0.052287,0.000000,-0.053241,-0.001136,-1.918387,0.000000,-0.323351,-1.891662,0.010094,0.000000,-1.695065,0.450138,0.046776,1.000000;;
             }
            }

            Frame BDN0035 {
             

             FrameTransformMatrix {
              1.890939,-0.323507,-0.052287,0.000000,-0.053241,-0.001136,-1.918387,0.000000,-0.323351,-1.891662,0.010094,0.000000,-1.909941,0.317301,0.052818,1.000000;;
             }
            }

            Frame BDN0036 {
             

             FrameTransformMatrix {
              1.890939,-0.323507,-0.052288,0.000000,0.053241,0.001135,1.918386,0.000000,0.323352,1.891662,-0.010093,0.000000,-1.708624,0.451391,0.047152,1.000000;;
             }
            }

            Frame BDN0037 {
             

             FrameTransformMatrix {
              1.890939,-0.323507,-0.052287,0.000000,-0.053241,-0.001136,-1.918387,0.000000,-0.323351,-1.891662,0.010094,0.000000,-1.481007,0.360703,0.040888,1.000000;;
             }
            }

            Frame BDN0038 {
             

             FrameTransformMatrix {
              1.890939,-0.323507,-0.052287,0.000000,-0.053241,-0.001136,-1.918387,0.000000,-0.323351,-1.891662,0.010094,0.000000,-1.655375,0.377853,0.626391,1.000000;;
             }
            }

            Frame BDN0039 {
             

             FrameTransformMatrix {
              1.890939,-0.323507,-0.052287,0.000000,-0.053241,-0.001136,-1.918387,0.000000,-0.323351,-1.891662,0.010094,0.000000,-1.477054,0.383844,0.040765,1.000000;;
             }
            }

            Frame BDN0040 {
             

             FrameTransformMatrix {
              1.890939,-0.323507,-0.052287,0.000000,-0.053241,-0.001136,-1.918387,0.000000,-0.323351,-1.891662,0.010094,0.000000,-1.566040,0.398106,0.043226,1.000000;;
             }
            }

            Frame BDN0041 {
             

             FrameTransformMatrix {
              1.890939,-0.323507,-0.052287,0.000000,-0.053241,-0.001136,-1.918387,0.000000,-0.323351,-1.891662,0.010094,0.000000,-1.487513,0.322641,0.041091,1.000000;;
             }
            }

            Frame BDN0042 {
             

             FrameTransformMatrix {
              1.890939,-0.323507,-0.052287,0.000000,-0.053241,-0.001136,-1.918387,0.000000,-0.323351,-1.891662,0.010094,0.000000,-1.668493,0.305487,0.046124,1.000000;;
             }
            }

            Frame BDN0043 {
             

             FrameTransformMatrix {
              1.890939,-0.323507,-0.052287,0.000000,-0.053241,-0.001136,-1.918387,0.000000,-0.323351,-1.891662,0.010094,0.000000,-1.532237,0.260132,0.042370,1.000000;;
             }
            }

            Frame BDN0044 {
             

             FrameTransformMatrix {
              1.890939,-0.323507,-0.052287,0.000000,-0.053241,-0.001136,-1.918387,0.000000,-0.323351,-1.891662,0.010094,0.000000,-1.564462,0.147066,0.043331,1.000000;;
             }
            }

            Frame BDN0045 {
             

             FrameTransformMatrix {
              1.890939,-0.323507,-0.052287,0.000000,-0.053241,-0.001136,-1.918387,0.000000,-0.323351,-1.891662,0.010094,0.000000,-1.616654,0.231098,0.047490,1.000000;;
             }
            }

            Frame BDN0046 {
             

             FrameTransformMatrix {
              -1.890939,0.323508,0.052288,0.000000,0.323352,1.891661,-0.010093,0.000000,0.053241,0.001135,1.918386,0.000000,-1.284556,0.373749,-0.537913,1.000000;;
             }
            }

            Frame BDN0047 {
             

             FrameTransformMatrix {
              1.000000,-0.000001,-0.000001,0.000000,0.000001,1.000000,-0.000001,0.000000,0.000001,0.000001,1.000000,0.000000,-2.155023,0.571779,-0.513344,1.000000;;
             }
            }

            Frame BDN0050 {
             

             FrameTransformMatrix {
              1.000000,0.000000,-0.000000,0.000000,-0.000000,1.000000,-0.000000,0.000000,0.000000,0.000000,1.000000,0.000000,-1.607262,0.488012,-0.534364,1.000000;;
             }
            }

            Frame BDN0051 {
             

             FrameTransformMatrix {
              1.000000,0.000000,-0.000000,0.000000,-0.000000,1.000000,-0.000000,0.000000,0.000000,0.000000,1.000000,0.000000,-1.681997,0.251524,-0.523164,1.000000;;
             }
            }
           }
          }
         }
        }
       }

       Frame Bip01_R_Clavicle {
        

        FrameTransformMatrix {
         -0.147668,-0.988687,-0.026300,0.000000,-0.973373,0.149992,-0.173340,0.000000,0.175324,0.000003,-0.984511,0.000000,-0.000001,-0.287402,-0.000812,1.000000;;
        }

        Frame Bip01_R_UpperArm {
         

         FrameTransformMatrix {
          0.982377,-0.186795,0.006618,0.000000,0.185070,0.967124,-0.174416,0.000000,0.026180,0.172567,0.984650,0.000000,1.067495,-0.000001,-0.000000,1.000000;;
         }

         Frame Bip01_R_Forearm {
          

          FrameTransformMatrix {
           0.999839,-0.000000,0.017927,0.000000,0.000000,1.000000,-0.000000,0.000000,-0.017927,0.000000,0.999839,0.000000,2.171631,0.000001,-0.000000,1.000000;;
          }

          Frame Bip01_R_Hand {
           

           FrameTransformMatrix {
            0.997166,-0.075229,0.000000,0.000000,0.000060,0.000794,1.000000,0.000000,-0.075229,-0.997166,0.000796,0.000000,2.289677,-0.000001,0.000000,1.000000;;
           }

           Frame Bip01_R_Finger0 {
            

            FrameTransformMatrix {
             0.854913,0.460450,-0.238978,0.000000,-0.309592,0.083200,-0.947222,0.000000,-0.416266,0.883778,0.213681,0.000000,0.506417,0.334753,-0.044380,1.000000;;
            }

            Frame Bip01_R_Finger01 {
             

             FrameTransformMatrix {
              0.996450,-0.000000,-0.084192,0.000000,0.000000,1.000000,-0.000000,0.000000,0.084192,0.000000,0.996450,0.000000,0.282986,0.000000,0.000000,1.000000;;
             }

             Frame Bip01_R_Finger02 {
              

              FrameTransformMatrix {
               1.000000,0.000000,-0.000000,0.000000,0.000000,1.000000,0.000000,0.000000,0.000000,-0.000000,1.000000,0.000000,0.369964,0.000000,0.000000,1.000000;;
              }

              Frame Bip01_R_Finger0Nub {
               

               FrameTransformMatrix {
                1.000000,-0.000000,-0.000000,0.000000,-0.000000,-1.000000,0.000000,0.000000,0.000000,0.000000,1.000000,0.000000,0.318915,0.000001,-0.000000,1.000000;;
               }
              }
             }
            }
           }

           Frame Bip01_R_Finger1 {
            

            FrameTransformMatrix {
             0.971010,0.164416,-0.173517,0.000000,-0.166812,0.985989,0.000785,0.000000,0.171215,0.028182,0.984831,0.000000,1.036902,0.210984,-0.049587,1.000000;;
            }

            Frame Bip01_R_Finger11 {
             

             FrameTransformMatrix {
              0.996981,-0.000000,0.077651,0.000000,0.000000,1.000000,0.000000,0.000000,-0.077651,-0.000000,0.996981,0.000000,0.402440,0.000000,-0.000001,1.000000;;
             }

             Frame Bip01_R_Finger12 {
              

              FrameTransformMatrix {
               1.000000,-0.000000,0.000000,0.000000,0.000000,1.000000,-0.000000,0.000000,-0.000000,0.000000,1.000000,0.000000,0.386978,-0.000000,0.000001,1.000000;;
              }

              Frame Bip01_R_Finger1Nub {
               

               FrameTransformMatrix {
                1.000000,-0.000000,-0.000000,0.000000,-0.000000,-1.000000,0.000000,0.000000,0.000000,0.000000,1.000000,0.000000,0.043164,0.000000,-0.000001,1.000000;;
               }
              }
             }
            }
           }

           Frame Bip01_R_Finger2 {
            

            FrameTransformMatrix {
             0.979763,-0.143888,-0.139145,0.000000,0.145411,0.989371,0.000788,0.000000,0.137553,-0.021005,0.990272,0.000000,1.049789,0.039573,-0.042170,1.000000;;
            }

            Frame Bip01_R_Finger21 {
             

             FrameTransformMatrix {
              1.000000,-0.000000,-0.000000,0.000000,0.000000,1.000000,0.000000,0.000000,0.000000,-0.000000,1.000000,0.000000,0.466742,0.000000,-0.000001,1.000000;;
             }

             Frame Bip01_R_Finger22 {
              

              FrameTransformMatrix {
               1.000000,-0.000000,-0.000000,0.000000,0.000000,1.000000,0.000000,0.000000,0.000000,-0.000000,1.000000,0.000000,0.428112,-0.000000,0.000001,1.000000;;
              }

              Frame Bip01_R_Finger2Nub {
               

               FrameTransformMatrix {
                1.000000,-0.000000,-0.000000,0.000000,-0.000000,-1.000000,0.000000,0.000000,0.000000,0.000000,1.000000,0.000000,0.044037,0.000000,0.000000,1.000000;;
               }
              }
             }
            }
           }

           Frame Bip01_R_Finger3 {
            

            FrameTransformMatrix {
             0.937899,-0.303720,-0.167629,0.000000,0.308201,0.951321,0.000757,0.000000,0.159239,-0.052374,0.985849,0.000000,1.019031,-0.160348,-0.032796,1.000000;;
            }

            Frame Bip01_R_Finger31 {
             

             FrameTransformMatrix {
              1.000000,-0.000000,-0.000000,0.000000,0.000000,1.000000,0.000000,0.000000,0.000000,-0.000000,1.000000,0.000000,0.393759,-0.000000,-0.000001,1.000000;;
             }

             Frame Bip01_R_Finger32 {
              

              FrameTransformMatrix {
               1.000000,-0.000000,-0.000000,0.000000,0.000000,1.000000,0.000000,0.000000,0.000000,-0.000000,1.000000,0.000000,0.397105,-0.000000,-0.000001,1.000000;;
              }

              Frame Bip01_R_Finger3Nub {
               

               FrameTransformMatrix {
                1.000000,-0.000000,-0.000000,0.000000,-0.000000,-1.000000,0.000000,0.000000,0.000000,0.000000,1.000000,0.000000,0.050093,0.000000,0.000001,1.000000;;
               }
              }
             }
            }
           }

           Frame Bip01_R_Finger4 {
            

            FrameTransformMatrix {
             0.872327,-0.472306,-0.126380,0.000000,0.460620,0.880570,-0.111469,0.000000,0.163934,0.039025,0.985699,0.000000,0.945112,-0.319045,-0.085323,1.000000;;
            }

            Frame Bip01_R_Finger41 {
             

             FrameTransformMatrix {
              1.000000,-0.000000,-0.000000,0.000000,-0.000000,1.000000,-0.000000,0.000000,0.000000,0.000000,1.000000,0.000000,0.288885,-0.000000,-0.000001,1.000000;;
             }

             Frame Bip01_R_Finger42 {
              

              FrameTransformMatrix {
               1.000000,-0.000000,-0.000000,0.000000,-0.000000,1.000000,-0.000000,0.000000,0.000000,0.000000,1.000000,0.000000,0.311163,-0.000000,0.000002,1.000000;;
              }

              Frame Bip01_R_Finger4Nub {
               

               FrameTransformMatrix {
                1.000000,-0.000000,-0.000000,0.000000,-0.000000,-1.000000,0.000000,0.000000,0.000000,0.000000,1.000000,0.000000,0.038531,-0.000000,0.000000,1.000000;;
               }
              }
             }
            }
           }

           Frame gum {
            

            FrameTransformMatrix {
             0.993436,-0.017825,-0.112985,0.000000,0.017877,0.999840,-0.000553,0.000000,0.112976,-0.001471,0.993596,0.000000,0.931033,-0.560945,-0.196816,1.000000;;
            }

            Frame BBN0021 {
             

             FrameTransformMatrix {
              -0.911785,0.000000,-0.000000,0.000000,-0.000000,-0.000000,0.911785,0.000000,0.000000,0.911785,0.000000,0.000000,-0.164978,-2.153560,-0.013811,1.000000;;
             }
            }

            Frame BBN0022 {
             

             FrameTransformMatrix {
              -0.911785,0.000000,-0.000000,0.000000,-0.000000,-0.000000,0.911785,0.000000,0.000000,0.911785,0.000000,0.000000,-0.059498,-1.082346,-0.013812,1.000000;;
             }
            }

            Frame BBN0023 {
             

             FrameTransformMatrix {
              -0.911785,0.000000,-0.000000,0.000000,-0.000000,-0.000000,0.911785,0.000000,0.000000,0.911785,0.000000,0.000000,-0.181525,-1.156085,-0.010304,1.000000;;
             }
            }

            Frame BBN0024 {
             

             FrameTransformMatrix {
              -0.911785,0.000000,-0.000000,0.000000,-0.000000,-0.000000,0.911785,0.000000,0.000000,0.911785,0.000000,0.000000,-0.152845,-1.914060,-0.010686,1.000000;;
             }
            }

            Frame BBN0025 {
             

             FrameTransformMatrix {
              -0.911785,0.000000,-0.000000,0.000000,-0.000000,-0.000000,0.911785,0.000000,0.000000,0.911785,0.000000,0.000000,-0.192973,-1.954388,-0.013596,1.000000;;
             }
            }

            Frame BBN0026 {
             

             FrameTransformMatrix {
              -0.911785,0.000000,-0.000000,0.000000,-0.000000,-0.000000,0.911785,0.000000,0.000000,0.911785,0.000000,0.000000,-0.140236,-1.561491,-0.013592,1.000000;;
             }
            }

            Frame BBN0027 {
             

             FrameTransformMatrix {
              -0.911785,0.000000,-0.000000,0.000000,-0.000000,-0.000000,0.911785,0.000000,0.000000,0.911785,0.000000,0.000000,-0.111190,-1.569485,-0.009395,1.000000;;
             }
            }

            Frame BBN0028 {
             

             FrameTransformMatrix {
              -0.911785,0.000000,-0.000000,0.000000,-0.000000,-0.000000,0.911785,0.000000,0.000000,0.911785,0.000000,0.000000,-0.129379,-1.668539,-0.012999,1.000000;;
             }
            }

            Frame BBN0029 {
             

             FrameTransformMatrix {
              -0.911785,0.000000,0.000000,0.000000,0.000000,-0.000000,0.911785,0.000000,0.000000,0.911785,0.000000,0.000000,-0.101528,-1.626352,-0.068260,1.000000;;
             }
            }

            Frame BBN0030 {
             

             FrameTransformMatrix {
              -0.911785,0.000000,-0.000000,0.000000,-0.000000,-0.000000,0.911785,0.000000,0.000000,0.911785,0.000000,0.000000,-0.127804,-1.529810,-0.045440,1.000000;;
             }
            }

            Frame BBN0031 {
             

             FrameTransformMatrix {
              -0.911785,0.000000,-0.000000,0.000000,-0.000000,-0.000000,0.911785,0.000000,0.000000,0.911785,0.000000,0.000000,-0.128242,-2.082261,-0.045994,1.000000;;
             }
            }

            Frame BBN0032 {
             

             FrameTransformMatrix {
              -0.911785,0.000000,-0.000000,0.000000,-0.000000,-0.000000,0.911785,0.000000,0.000000,0.911785,0.000000,0.000000,0.060637,-2.069380,-0.049016,1.000000;;
             }
            }

            Frame BBN0033 {
             

             FrameTransformMatrix {
              -0.911785,0.000000,-0.000000,0.000000,-0.000000,-0.000000,0.911785,0.000000,0.000000,0.911785,0.000000,0.000000,-0.133064,-0.074214,-0.263169,1.000000;;
             }
            }

            Frame BBN0034 {
             

             FrameTransformMatrix {
              -0.911785,0.000000,-0.000000,0.000000,-0.000000,-0.000000,0.911785,0.000000,0.000000,0.911785,0.000000,0.000000,-0.108621,-0.934980,-0.263441,1.000000;;
             }
            }

            Frame BBN0035 {
             

             FrameTransformMatrix {
              -0.911785,0.000000,-0.000000,0.000000,-0.000000,-0.000000,0.911785,0.000000,0.000000,0.911785,0.000000,0.000000,-0.161044,-1.637594,-0.064296,1.000000;;
             }
            }

            Frame BBN0036 {
             

             FrameTransformMatrix {
              -0.911785,0.000000,-0.000000,0.000000,-0.000000,-0.000000,0.911785,0.000000,0.000000,0.911785,0.000000,0.000000,0.589828,6.606643,-0.035497,1.000000;;
             }
            }

            Frame light {
             

             FrameTransformMatrix {
              -0.911785,0.000000,-0.000000,0.000000,-0.000000,-0.000000,0.911785,0.000000,0.000000,0.911785,0.000000,0.000000,-0.129346,0.776620,-0.031693,1.000000;;
             }
            }

            Frame SDN0020 {
             

             FrameTransformMatrix {
              -0.911785,0.000000,-0.000000,0.000000,-0.000000,-0.000000,0.911785,0.000000,0.000000,0.911785,0.000000,0.000000,-0.104077,-2.265344,0.029737,1.000000;;
             }
            }

            Frame SDN0021 {
             

             FrameTransformMatrix {
              -0.911785,0.000001,-0.000000,0.000000,-0.000000,-0.000000,0.911785,0.000000,0.000001,0.911785,0.000000,0.000000,-0.197815,-2.202709,0.023738,1.000000;;
             }
            }

            Frame SDN0022 {
             

             FrameTransformMatrix {
              -0.911785,0.000001,-0.000000,0.000000,-0.000000,-0.000000,0.911785,0.000000,0.000001,0.911785,0.000000,0.000000,-0.141560,-2.232924,0.030696,1.000000;;
             }
            }

            Frame SDN0023 {
             

             FrameTransformMatrix {
              -0.911785,0.000001,-0.000000,0.000000,-0.000000,-0.000000,0.911785,0.000000,0.000001,0.911785,0.000000,0.000000,-0.113718,-2.465149,-0.022059,1.000000;;
             }
            }

            Frame SDN0024 {
             

             FrameTransformMatrix {
              -0.911785,0.000000,-0.000000,0.000000,-0.000000,-0.000000,0.911785,0.000000,0.000000,0.911785,0.000000,0.000000,-0.093558,-2.213260,-0.064225,1.000000;;
             }
            }

            Frame SDN0025 {
             

             FrameTransformMatrix {
              -0.911785,0.000000,-0.000000,0.000000,-0.000000,-0.000000,0.911785,0.000000,0.000000,0.911785,0.000000,0.000000,-0.099530,-2.399250,-0.072137,1.000000;;
             }
            }

            Frame SDN0026 {
             

             FrameTransformMatrix {
              -0.911785,0.000000,-0.000000,0.000000,-0.000000,-0.000000,0.911785,0.000000,0.000000,0.911785,0.000000,0.000000,-0.125043,-2.004049,-0.076760,1.000000;;
             }
            }

            Frame SDN0027 {
             

             FrameTransformMatrix {
              -0.911785,0.000000,-0.000000,0.000000,-0.000000,-0.000000,0.911785,0.000000,0.000000,0.911785,0.000000,0.000000,-0.092572,-1.637411,-0.073140,1.000000;;
             }
            }

            Frame SDN0028 {
             

             FrameTransformMatrix {
              -0.911785,0.000000,-0.000000,0.000000,-0.000000,-0.000000,0.911785,0.000000,0.000000,0.911785,0.000000,0.000000,-0.094449,-1.614362,-0.073100,1.000000;;
             }
            }

            Frame SDN0029 {
             

             FrameTransformMatrix {
              -0.911785,0.000000,-0.000000,0.000000,-0.000000,-0.000000,0.911785,0.000000,0.000000,0.911785,0.000000,0.000000,-0.179456,-1.657063,-0.028340,1.000000;;
             }
            }

            Frame SDN0030 {
             

             FrameTransformMatrix {
              -0.911785,0.000000,-0.000000,0.000000,-0.000000,-0.000000,0.911785,0.000000,0.000000,0.911785,0.000000,0.000000,-0.161044,-1.637594,-0.064296,1.000000;;
             }
            }

            Frame SDN0031 {
             

             FrameTransformMatrix {
              -0.911785,0.000000,-0.000000,0.000000,-0.000000,-0.000000,0.911785,0.000000,0.000000,0.911785,0.000000,0.000000,-0.111193,-1.638350,-0.064466,1.000000;;
             }
            }

            Frame SDN0032 {
             

             FrameTransformMatrix {
              -0.911785,0.000000,-0.000000,0.000000,-0.000000,-0.000000,0.911785,0.000000,0.000000,0.911785,0.000000,0.000000,-0.091042,-1.585433,-0.068454,1.000000;;
             }
            }

            Frame SDN0033 {
             

             FrameTransformMatrix {
              -0.911785,0.000000,-0.000000,0.000000,-0.000000,-0.000000,0.911785,0.000000,0.000000,0.911785,0.000000,0.000000,-0.094583,-2.468290,0.034724,1.000000;;
             }
            }

            Frame SDN0034 {
             

             FrameTransformMatrix {
              -0.911785,0.000000,-0.000000,0.000000,-0.000000,-0.000000,0.911785,0.000000,0.000000,0.911785,0.000000,0.000000,-0.161044,-1.637593,-0.064297,1.000000;;
             }
            }

            Frame SDN0035 {
             

             FrameTransformMatrix {
              -0.911785,0.000000,-0.000000,0.000000,-0.000000,-0.000000,0.911785,0.000000,0.000000,0.911785,0.000000,0.000000,-0.074797,-0.535276,-0.035158,1.000000;;
             }
            }

            Frame broom {
             

             FrameTransformMatrix {
              -1.000000,0.000000,-0.000000,0.000000,0.000000,1.000000,0.000000,0.000000,0.000000,0.000000,-1.000000,0.000000,0.014991,5.685094,-0.139815,1.000000;;
             }
            }

            Frame BTN0011 {
             

             FrameTransformMatrix {
              -1.000000,0.000000,-0.000000,0.000000,0.000000,1.000000,-0.000000,0.000000,0.000000,-0.000000,-1.000000,0.000000,-0.023375,1.025625,-0.237824,1.000000;;
             }
            }

            Frame BTN0012 {
             

             FrameTransformMatrix {
              -1.000000,0.000000,-0.000000,0.000000,0.000000,1.000000,-0.000000,0.000000,0.000000,-0.000000,-1.000000,0.000000,0.030641,1.025625,-0.237824,1.000000;;
             }
            }

            Frame BTN0013 {
             

             FrameTransformMatrix {
              -1.000000,0.000000,-0.000000,0.000000,0.000000,1.000000,-0.000000,0.000000,0.000000,-0.000000,-1.000000,0.000000,-0.002042,1.025625,-0.237824,1.000000;;
             }
            }

            Frame BTN0014 {
             

             FrameTransformMatrix {
              -1.000000,0.000000,-0.000000,0.000000,0.000000,1.000000,-0.000000,0.000000,0.000000,-0.000000,-1.000000,0.000000,0.011995,1.025625,-0.237824,1.000000;;
             }
            }

            Frame BTN0015 {
             

             FrameTransformMatrix {
              -1.000000,0.000000,-0.000000,0.000000,0.000000,1.000000,-0.000000,0.000000,0.000000,-0.000000,-1.000000,0.000000,0.043779,1.025625,-0.237824,1.000000;;
             }
            }

            Frame BTN0016 {
             

             FrameTransformMatrix {
              -1.000000,-0.000000,0.000000,0.000000,-0.000000,1.000000,-0.000000,0.000000,-0.000000,-0.000000,-1.000000,0.000000,0.017602,1.025625,-0.237824,1.000000;;
             }
            }

            Frame BTN0017 {
             

             FrameTransformMatrix {
              -1.000000,0.000000,-0.000000,0.000000,0.000000,1.000000,-0.000000,0.000000,0.000000,-0.000000,-1.000000,0.000000,-0.005469,1.025625,-0.237824,1.000000;;
             }
            }

            Frame BTN0020 {
             

             FrameTransformMatrix {
              1.000001,-0.000000,-0.000000,0.000000,-0.000000,-1.000000,0.000000,0.000000,-0.000000,-0.000000,-1.000000,0.000000,0.028835,1.025625,-0.132682,1.000000;;
             }
            }

            Frame DGN0010 {
             

             FrameTransformMatrix {
              1.000000,-0.000000,-0.000000,0.000000,0.000000,1.000000,-0.000000,0.000000,0.000000,0.000000,1.000000,0.000000,-0.117660,1.380932,-0.047182,1.000000;;
             }
            }

            Frame DGN0011 {
             

             FrameTransformMatrix {
              1.000000,0.000000,0.000001,0.000000,-0.000000,1.000000,-0.000000,0.000000,-0.000001,0.000000,1.000000,0.000000,-0.084476,1.382976,-0.045939,1.000000;;
             }
            }

            Frame DGN0012 {
             

             FrameTransformMatrix {
              1.000000,-0.000000,-0.000000,0.000000,0.000000,1.000000,-0.000000,0.000000,0.000000,0.000000,1.000000,0.000000,-0.118117,1.413816,-0.045938,1.000000;;
             }
            }

            Frame DGN0013 {
             

             FrameTransformMatrix {
              1.000000,-0.000000,-0.000000,0.000000,0.000000,1.000000,-0.000000,0.000000,0.000000,0.000000,1.000000,0.000000,-0.080615,1.413816,-0.045939,1.000000;;
             }
            }

            Frame DGN0014 {
             

             FrameTransformMatrix {
              1.000000,-0.000000,-0.000000,0.000000,0.000000,1.000000,-0.000000,0.000000,0.000000,0.000000,1.000000,0.000000,-0.082254,1.380932,-0.047182,1.000000;;
             }
            }

            Frame mob_sword {
             

             FrameTransformMatrix {
              0.205725,-0.000000,0.000000,0.000000,0.000000,0.000000,-0.205725,0.000000,0.000000,0.205725,0.000000,0.000000,-0.221649,0.879718,-0.070809,1.000000;;
             }
            }

            Frame GM_Staff {
             

             FrameTransformMatrix {
              0.047774,-0.000000,0.000000,0.000000,-0.000000,-0.047774,-0.000000,0.000000,0.000000,0.000000,-0.047774,0.000000,-0.067084,0.845038,0.041573,1.000000;;
             }
            }

            Frame BBN0040 {
             

             FrameTransformMatrix {
              1.000000,0.000000,-0.000000,0.000000,-0.000000,1.000000,-0.000000,0.000000,0.000000,0.000000,1.000000,0.000000,0.665540,5.834584,-0.073056,1.000000;;
             }
            }

            Frame BBN0041 {
             

             FrameTransformMatrix {
              1.000000,0.000000,-0.000000,0.000000,-0.000000,1.000000,-0.000000,0.000000,0.000000,0.000000,1.000000,0.000000,-0.327005,2.572399,-0.075384,1.000000;;
             }
            }

            Frame SDN0041 {
             

             FrameTransformMatrix {
              1.000000,0.000000,-0.000000,0.000000,-0.000000,1.000000,-0.000000,0.000000,0.000000,0.000000,1.000000,0.000000,-0.177383,1.772811,-0.088403,1.000000;;
             }
            }

            Frame SDN0040 {
             

