xof 0303txt 0032
template SkinWeights {
 <6f0d123b-bad2-4167-a0d0-80224f25fabb>
 STRING transformNodeName;
 DWORD nWeights;
 array DWORD vertexIndices[nWeights];
 array FLOAT weights[nWeights];
 Matrix4x4 matrixOffset;
}

template XSkinMeshHeader {
 <3cf169ce-ff7c-44ab-93c0-f78f62d172e2>
 WORD nMaxSkinWeightsPerVertex;
 WORD nMaxSkinWeightsPerFace;
 WORD nBones;
}


Frame Scene_Root {
 

 FrameTransformMatrix {
  1.000000,0.000000,0.000000,0.000000,0.000000,1.000000,0.000000,0.000000,0.000000,0.000000,1.000000,0.000000,0.000000,0.000000,0.000000,1.000000;;
 }

 Frame Bip01 {
  

  FrameTransformMatrix {
   0.000002,0.000000,1.000000,0.000000,0.000000,1.000000,0.000000,0.000000,-1.000000,0.000000,0.000002,0.000000,-0.000795,10.954080,-0.139851,1.000000;;
  }

  Frame Bip01_Footsteps {
   

   FrameTransformMatrix {
    0.000002,0.000000,-1.000000,0.000000,0.000000,1.000000,0.000000,0.000000,1.000000,0.000000,0.000002,0.000000,0.000000,-10.971148,0.000000,1.000000;;
   }
  }

  Frame Bip01_Pelvis {
   

   FrameTransformMatrix {
    0.000000,1.000000,0.000001,0.000000,-0.000001,0.000001,-1.000000,0.000000,-1.000000,-0.000000,0.000001,0.000000,-0.010624,0.000000,-0.000000,1.000000;;
   }

   Frame Bip01_Spine {
    

    FrameTransformMatrix {
     0.999303,0.000001,0.037334,0.000000,-0.000001,1.000000,-0.000004,0.000000,-0.037334,0.000004,0.999303,0.000000,1.038497,0.000001,0.000935,1.000000;;
    }

    Frame Bip01_Spine1 {
     

     FrameTransformMatrix {
      0.999273,-0.000000,0.038130,0.000000,0.000000,1.000000,0.000000,0.000000,-0.038130,-0.000000,0.999273,0.000000,1.175690,0.000000,0.000853,1.000000;;
     }

     Frame Bip01_Spine2 {
      

      FrameTransformMatrix {
       0.999273,0.000000,0.038130,0.000000,0.000000,1.000000,-0.000000,0.000000,-0.038130,0.000000,0.999273,0.000000,1.071714,0.000000,0.001787,1.000000;;
      }

      Frame Bip01_Neck {
       

       FrameTransformMatrix {
        0.973329,0.000001,-0.229414,0.000000,-0.000001,1.000000,0.000000,0.000000,0.229414,0.000000,0.973329,0.000000,2.245592,0.000000,0.000636,1.000000;;
       }

       Frame Bip01_Head {
        

        FrameTransformMatrix {
         0.999011,-0.000000,0.044468,0.000000,0.000000,1.000000,-0.000000,0.000000,-0.044468,0.000000,0.999011,0.000000,0.820560,-0.000000,0.000000,1.000000;;
        }

        Frame Bip01_HeadNub {
         

         FrameTransformMatrix {
          1.000000,-0.000000,-0.000000,0.000000,0.000000,1.000000,0.000000,0.000000,0.000000,-0.000000,1.000000,0.000000,2.163837,-0.000000,0.000000,1.000000;;
         }
        }
       }

       Frame Bip01_L_Clavicle {
        

        FrameTransformMatrix {
         -0.253341,0.965519,-0.059923,0.000000,0.939591,0.260331,0.222253,0.000000,0.230190,0.000003,-0.973146,0.000000,0.000000,0.392461,-0.000652,1.000000;;
        }

        Frame Bip01_L_UpperArm {
         

         FrameTransformMatrix {
          0.967393,0.253279,-0.000836,0.000000,-0.251531,0.961093,0.114164,0.000000,0.029719,-0.110231,0.993462,0.000000,1.503996,0.000001,0.000000,1.000000;;
         }

         Frame Bip01_L_Forearm {
          

          FrameTransformMatrix {
           0.999656,-0.000000,0.026241,0.000000,0.000000,1.000000,-0.000000,0.000000,-0.026241,0.000000,0.999656,0.000000,2.542928,0.000000,0.000000,1.000000;;
          }

          Frame Bip01_L_Hand {
           

           FrameTransformMatrix {
            0.994324,0.106391,0.000000,0.000000,-0.000085,0.000792,-1.000000,0.000000,-0.106391,0.994324,0.000796,0.000000,2.896987,-0.000002,0.000000,1.000000;;
           }

           Frame Bip01_L_Finger0 {
            

            FrameTransformMatrix {
             0.859250,-0.508111,-0.059273,0.000000,0.363198,0.524351,0.770159,0.000000,-0.360246,-0.683286,0.635093,0.000000,0.710971,-0.414134,-0.129369,1.000000;;
            }

            Frame Bip01_L_Finger01 {
             

             FrameTransformMatrix {
              0.994352,-0.000000,-0.106136,0.000000,-0.000000,1.000000,-0.000000,0.000000,0.106136,0.000000,0.994351,0.000000,0.384852,0.000001,-0.000001,1.000000;;
             }

             Frame Bip01_L_Finger02 {
              

              FrameTransformMatrix {
               0.988059,-0.000000,-0.154076,0.000000,0.000000,1.000000,0.000000,0.000000,0.154076,-0.000000,0.988059,0.000000,0.385461,0.000000,-0.000001,1.000000;;
              }

              Frame Bip01_L_Finger0Nub {
               

               FrameTransformMatrix {
                1.000000,-0.000000,-0.000000,0.000000,-0.000000,1.000000,-0.000000,0.000000,0.000000,0.000000,1.000000,0.000000,0.280156,0.000000,0.000000,1.000000;;
               }
              }
             }
            }
           }

           Frame Bip01_L_Finger1 {
            

            FrameTransformMatrix {
             0.991011,-0.000106,-0.133781,0.000000,-0.000000,1.000000,-0.000796,0.000000,0.133781,0.000789,0.991011,0.000000,1.207232,-0.323857,-0.005048,1.000000;;
            }

            Frame Bip01_L_Finger11 {
             

             FrameTransformMatrix {
              0.991697,-0.000000,-0.128599,0.000000,-0.000000,1.000000,-0.000000,0.000000,0.128599,0.000000,0.991697,0.000000,0.510194,0.000000,0.000000,1.000000;;
             }

             Frame Bip01_L_Finger12 {
              

              FrameTransformMatrix {
               1.000000,0.000000,-0.000000,0.000000,0.000000,1.000000,0.000000,0.000000,0.000000,0.000000,1.000000,0.000000,0.679383,-0.000000,0.000000,1.000000;;
              }

              Frame Bip01_L_Finger1Nub {
               

               FrameTransformMatrix {
                1.000000,0.000000,-0.000000,0.000000,0.000000,1.000000,0.000000,0.000000,0.000000,0.000000,1.000000,0.000000,0.137979,0.000000,0.000000,1.000000;;
               }
              }
             }
            }
           }

           Frame Bip01_L_Finger2 {
            

            FrameTransformMatrix {
             0.989031,-0.000117,-0.147707,0.000000,-0.000000,1.000000,-0.000796,0.000000,0.147707,0.000788,0.989031,0.000000,1.205761,-0.048615,0.006788,1.000000;;
            }

            Frame Bip01_L_Finger21 {
             

             FrameTransformMatrix {
              0.995117,0.000000,-0.098705,0.000000,-0.000000,1.000000,0.000000,0.000000,0.098705,0.000000,0.995117,0.000000,0.506202,0.000000,0.000000,1.000000;;
             }

             Frame Bip01_L_Finger22 {
              

              FrameTransformMatrix {
               1.000000,0.000000,0.000000,0.000000,-0.000000,1.000000,-0.000000,0.000000,-0.000000,0.000000,1.000000,0.000000,0.666977,-0.000000,-0.000002,1.000000;;
              }

              Frame Bip01_L_Finger2Nub {
               

               FrameTransformMatrix {
                1.000000,0.000000,0.000000,0.000000,-0.000000,1.000000,-0.000000,0.000000,-0.000000,0.000000,1.000000,0.000000,0.114567,0.000000,0.000002,1.000000;;
               }
              }
             }
            }
           }

           Frame Bip01_L_Finger3 {
            

            FrameTransformMatrix {
             0.978656,-0.000164,-0.205507,0.000000,0.000000,1.000000,-0.000796,0.000000,0.205507,0.000779,0.978656,0.000000,1.198944,0.223685,0.001425,1.000000;;
            }

            Frame Bip01_L_Finger31 {
             

             FrameTransformMatrix {
              1.000000,0.000000,0.000000,0.000000,-0.000000,1.000000,-0.000000,0.000000,-0.000000,-0.000000,1.000000,0.000000,0.525595,0.000000,0.000000,1.000000;;
             }

             Frame Bip01_L_Finger32 {
              

              FrameTransformMatrix {
               1.000000,0.000000,0.000000,0.000000,-0.000000,1.000000,-0.000000,0.000000,-0.000000,0.000000,1.000000,0.000000,0.571338,0.000000,0.000000,1.000000;;
              }

              Frame Bip01_L_Finger3Nub {
               

               FrameTransformMatrix {
                1.000000,0.000000,0.000000,0.000000,-0.000000,1.000000,-0.000000,0.000000,-0.000000,0.000000,1.000000,0.000000,0.116399,0.000000,0.000002,1.000000;;
               }
              }
             }
            }
           }

           Frame Bip01_L_Finger4 {
            

            FrameTransformMatrix {
             0.993775,0.084694,-0.072376,0.000000,-0.084093,0.996394,0.011312,0.000000,0.073073,-0.005155,0.997313,0.000000,1.103013,0.457295,-0.072794,1.000000;;
            }

            Frame Bip01_L_Finger41 {
             

             FrameTransformMatrix {
              0.984866,0.000000,-0.173315,0.000000,-0.000000,1.000000,-0.000000,0.000000,0.173315,0.000000,0.984866,0.000000,0.447391,-0.000000,0.000001,1.000000;;
             }

             Frame Bip01_L_Finger42 {
              

              FrameTransformMatrix {
               1.000000,-0.000000,-0.000000,0.000000,-0.000000,1.000000,-0.000000,0.000000,0.000000,0.000000,1.000000,0.000000,0.400813,-0.000000,0.000000,1.000000;;
              }

              Frame Bip01_L_Finger4Nub {
               

               FrameTransformMatrix {
                1.000000,-0.000000,-0.000000,0.000000,-0.000000,1.000000,-0.000000,0.000000,0.000000,0.000000,1.000000,0.000000,0.301770,-0.000000,0.000000,1.000000;;
               }
              }
             }
            }
           }

           Frame whal {
            

            FrameTransformMatrix {
             -0.501640,-0.027829,0.138197,0.000000,0.138274,0.002299,0.502383,0.000000,0.027441,-0.520322,-0.005172,0.000000,0.426620,-0.300695,-0.333718,1.000000;;
            }

            Frame BDN0023 {
             

             FrameTransformMatrix {
              2.039976,-0.730884,-0.056409,0.000000,-0.060356,-0.001225,-2.166847,0.000000,-0.730569,-2.040755,0.021503,0.000000,-1.132151,0.619560,-0.027102,1.000000;;
             }
            }

            Frame BDN0024 {
             

             FrameTransformMatrix {
              2.039976,-0.730884,-0.056409,0.000000,-0.060356,-0.001225,-2.166848,0.000000,-0.730569,-2.040755,0.021503,0.000000,-1.268107,0.656509,-0.023351,1.000000;;
             }
            }

            Frame BDN0025 {
             

             FrameTransformMatrix {
              2.135852,-0.365408,-0.059060,0.000000,-0.060137,-0.001283,-2.166854,0.000000,-0.365232,-2.136668,0.011401,0.000000,-1.636355,0.643181,-0.013124,1.000000;;
             }
            }

            Frame BDN0026 {
             

             FrameTransformMatrix {
              2.135853,-0.365408,-0.059059,0.000000,-0.060136,-0.001283,-2.166853,0.000000,-0.365232,-2.136668,0.011401,0.000000,-1.429569,0.691078,-0.018891,1.000000;;
             }
            }

            Frame BDN0027 {
             

             FrameTransformMatrix {
              2.135853,-0.365408,-0.059059,0.000000,-0.060136,-0.001283,-2.166853,0.000000,-0.365232,-2.136668,0.011401,0.000000,-1.595957,0.694515,-0.014275,1.000000;;
             }
            }

            Frame BDN0028 {
             

             FrameTransformMatrix {
              2.135853,-0.365408,-0.059059,0.000000,-0.060136,-0.001283,-2.166853,0.000000,-0.365232,-2.136668,0.011401,0.000000,-1.712337,0.631569,-0.011008,1.000000;;
             }
            }

            Frame BDN0029 {
             

             FrameTransformMatrix {
              2.135853,-0.365408,-0.059059,0.000000,-0.060136,-0.001283,-2.166853,0.000000,-0.365232,-2.136668,0.011401,0.000000,-1.710917,0.469452,-0.010952,1.000000;;
             }
            }

            Frame BDN0030 {
             

             FrameTransformMatrix {
              2.135853,-0.365408,-0.059059,0.000000,-0.060136,-0.001283,-2.166853,0.000000,-0.365232,-2.136668,0.011401,0.000000,-1.729762,0.529621,-0.010464,1.000000;;
             }
            }

            Frame BDN0031 {
             

             FrameTransformMatrix {
              2.135853,-0.365408,-0.059059,0.000000,-0.060136,-0.001283,-2.166853,0.000000,-0.365232,-2.136668,0.011401,0.000000,-1.740365,0.467602,-0.010134,1.000000;;
             }
            }

            Frame BDN0032 {
             

             FrameTransformMatrix {
              2.135853,-0.365408,-0.059059,0.000000,-0.060136,-0.001283,-2.166853,0.000000,-0.365232,-2.136668,0.011401,0.000000,-1.647456,0.474354,-0.012716,1.000000;;
             }
            }

            Frame BDN0033 {
             

             FrameTransformMatrix {
              2.135853,-0.365408,-0.059059,0.000000,-0.060136,-0.001283,-2.166853,0.000000,-0.365232,-2.136668,0.011401,0.000000,-1.668920,0.441479,-0.012101,1.000000;;
             }
            }

            Frame BDN0034 {
             

             FrameTransformMatrix {
              2.135853,-0.365408,-0.059059,0.000000,-0.060136,-0.001283,-2.166853,0.000000,-0.365232,-2.136668,0.011401,0.000000,-1.627042,0.501259,-0.013298,1.000000;;
             }
            }

            Frame BDN0035 {
             

             FrameTransformMatrix {
              2.135853,-0.365408,-0.059059,0.000000,-0.060136,-0.001283,-2.166853,0.000000,-0.365232,-2.136668,0.011401,0.000000,-1.759756,0.354156,-0.009529,1.000000;;
             }
            }

            Frame BDN0036 {
             

             FrameTransformMatrix {
              2.135853,-0.365408,-0.059060,0.000000,0.060137,0.001282,2.166854,0.000000,0.365232,2.136668,-0.011401,0.000000,-1.419658,0.513832,-0.019061,1.000000;;
             }
            }

            Frame BDN0037 {
             

             FrameTransformMatrix {
              2.135853,-0.365408,-0.059059,0.000000,-0.060136,-0.001283,-2.166853,0.000000,-0.365232,-2.136668,0.011401,0.000000,-1.513630,0.440197,-0.016410,1.000000;;
             }
            }

            Frame BDN0038 {
             

             FrameTransformMatrix {
              2.135853,-0.365408,-0.059059,0.000000,-0.060136,-0.001283,-2.166853,0.000000,-0.365232,-2.136668,0.011401,0.000000,-1.559077,0.554943,0.640666,1.000000;;
             }
            }

            Frame BDN0039 {
             

             FrameTransformMatrix {
              2.135853,-0.365408,-0.059059,0.000000,-0.060136,-0.001283,-2.166853,0.000000,-0.365232,-2.136668,0.011401,0.000000,-1.272010,0.378311,-0.023079,1.000000;;
             }
            }

            Frame BDN0040 {
             

             FrameTransformMatrix {
              2.135853,-0.365408,-0.059059,0.000000,-0.060136,-0.001283,-2.166853,0.000000,-0.365232,-2.136668,0.011401,0.000000,-1.629405,0.485722,-0.013224,1.000000;;
             }
            }

            Frame BDN0041 {
             

             FrameTransformMatrix {
              2.135853,-0.365408,-0.059059,0.000000,-0.060136,-0.001283,-2.166853,0.000000,-0.365232,-2.136668,0.011401,0.000000,-1.249352,0.266834,-0.023642,1.000000;;
             }
            }

            Frame BDN0042 {
             

             FrameTransformMatrix {
              2.135853,-0.365408,-0.059059,0.000000,-0.060136,-0.001283,-2.166853,0.000000,-0.365232,-2.136668,0.011401,0.000000,-1.747993,0.422966,-0.009896,1.000000;;
             }
            }

            Frame BDN0043 {
             

             FrameTransformMatrix {
              2.135853,-0.365408,-0.059059,0.000000,-0.060136,-0.001283,-2.166853,0.000000,-0.365232,-2.136668,0.011401,0.000000,-1.243906,0.298695,-0.023812,1.000000;;
             }
            }

            Frame BDN0044 {
             

             FrameTransformMatrix {
              2.135853,-0.365408,-0.059059,0.000000,-0.060136,-0.001283,-2.166853,0.000000,-0.365232,-2.136668,0.011401,0.000000,-1.759755,0.354153,-0.009529,1.000000;;
             }
            }

            Frame BDN0045 {
             

             FrameTransformMatrix {
              2.135853,-0.365408,-0.059059,0.000000,-0.060136,-0.001283,-2.166853,0.000000,-0.365232,-2.136668,0.011401,0.000000,-1.177239,0.433880,-0.025742,1.000000;;
             }
            }

            Frame BDN0046 {
             

             FrameTransformMatrix {
              -1.982414,0.339158,0.054816,0.000000,0.338994,1.983171,-0.010582,0.000000,0.055815,0.001190,2.011188,0.000000,-0.955362,0.398880,-0.834884,1.000000;;
             }
            }

            Frame BDN0047 {
             

             FrameTransformMatrix {
              1.129520,-0.000000,0.000000,0.000000,0.000000,1.129519,-0.000001,0.000000,-0.000000,0.000001,1.129519,0.000000,-2.042295,0.632629,-0.648855,1.000000;;
             }
            }

            Frame BDN0050 {
             

             FrameTransformMatrix {
              1.000000,0.000000,0.000000,0.000000,-0.000000,1.000000,-0.000000,0.000000,-0.000000,0.000000,1.000000,0.000000,-1.067167,0.477398,-0.381828,1.000000;;
             }
            }

            Frame BDN0051 {
             

             FrameTransformMatrix {
              1.000000,-0.000000,-0.000000,0.000000,0.000000,1.000000,-0.000000,0.000000,0.000000,0.000000,1.000000,0.000000,-1.160150,0.183167,-0.367894,1.000000;;
             }
            }
           }
          }
         }
        }
       }

       Frame Bip01_R_Clavicle {
        

        FrameTransformMatrix {
         -0.253341,-0.965519,-0.059928,0.000000,-0.939591,0.260332,-0.222252,0.000000,0.230189,0.000003,-0.973146,0.000000,0.000000,-0.392461,-0.000654,1.000000;;
        }

        Frame Bip01_R_UpperArm {
         

         FrameTransformMatrix {
          0.967393,-0.253279,-0.000836,0.000000,0.251531,0.961093,-0.114164,0.000000,0.029719,0.110232,0.993462,0.000000,1.503997,0.000001,-0.000000,1.000000;;
         }

         Frame Bip01_R_Forearm {
          

          FrameTransformMatrix {
           0.999656,0.000000,0.026241,0.000000,-0.000000,1.000000,0.000000,0.000000,-0.026241,-0.000000,0.999656,0.000000,2.542928,0.000000,0.000000,1.000000;;
          }

          Frame Bip01_R_Hand {
           

           FrameTransformMatrix {
            0.994324,-0.106391,-0.000000,0.000000,0.000085,0.000792,1.000000,0.000000,-0.106391,-0.994324,0.000796,0.000000,2.896987,0.000002,0.000000,1.000000;;
           }

           Frame Bip01_R_Finger0 {
            

            FrameTransformMatrix {
             0.859250,0.508111,-0.059273,0.000000,-0.363198,0.524350,-0.770159,0.000000,-0.360246,0.683286,0.635092,0.000000,0.710973,0.414134,-0.129370,1.000000;;
            }

            Frame Bip01_R_Finger01 {
             

             FrameTransformMatrix {
              0.994352,-0.000000,-0.106136,0.000000,0.000000,1.000000,-0.000000,0.000000,0.106136,0.000000,0.994352,0.000000,0.384852,0.000000,0.000000,1.000000;;
             }

             Frame Bip01_R_Finger02 {
              

              FrameTransformMatrix {
               0.988059,0.000000,-0.154076,0.000000,-0.000000,1.000000,0.000000,0.000000,0.154076,-0.000000,0.988059,0.000000,0.385460,0.000000,0.000000,1.000000;;
              }

              Frame Bip01_R_Finger0Nub {
               

               FrameTransformMatrix {
                1.000000,-0.000000,0.000000,0.000000,-0.000000,-1.000000,0.000000,0.000000,-0.000000,0.000000,1.000000,0.000000,0.280157,0.000001,0.000000,1.000000;;
               }
              }
             }
            }
           }

           Frame Bip01_R_Finger1 {
            

            FrameTransformMatrix {
             0.991011,0.000107,-0.133781,0.000000,-0.000000,1.000000,0.000796,0.000000,0.133781,-0.000789,0.991011,0.000000,1.207231,0.323857,-0.005050,1.000000;;
            }

            Frame Bip01_R_Finger11 {
             

             FrameTransformMatrix {
              0.991697,0.000000,-0.128599,0.000000,-0.000000,1.000000,-0.000000,0.000000,0.128599,0.000000,0.991697,0.000000,0.510192,-0.000000,-0.000002,1.000000;;
             }

             Frame Bip01_R_Finger12 {
              

              FrameTransformMatrix {
               1.000000,0.000000,0.000000,0.000000,-0.000000,1.000000,-0.000000,0.000000,-0.000000,0.000000,1.000000,0.000000,0.679383,-0.000000,0.000000,1.000000;;
              }

              Frame Bip01_R_Finger1Nub {
               

               FrameTransformMatrix {
                1.000000,-0.000000,0.000000,0.000000,-0.000000,-1.000000,0.000000,0.000000,-0.000000,0.000000,1.000000,0.000000,0.137980,0.000000,-0.000002,1.000000;;
               }
              }
             }
            }
           }

           Frame Bip01_R_Finger2 {
            

            FrameTransformMatrix {
             0.989031,0.000118,-0.147707,0.000000,-0.000000,1.000000,0.000796,0.000000,0.147707,-0.000787,0.989031,0.000000,1.205763,0.048615,0.006788,1.000000;;
            }

            Frame Bip01_R_Finger21 {
             

             FrameTransformMatrix {
              0.995117,0.000000,-0.098705,0.000000,-0.000000,1.000000,-0.000000,0.000000,0.098705,0.000000,0.995117,0.000000,0.506202,-0.000000,0.000000,1.000000;;
             }

             Frame Bip01_R_Finger22 {
              

              FrameTransformMatrix {
               1.000000,0.000000,-0.000000,0.000000,-0.000000,1.000000,0.000000,0.000000,0.000000,-0.000000,1.000000,0.000000,0.666979,0.000000,0.000000,1.000000;;
              }

              Frame Bip01_R_Finger2Nub {
               

               FrameTransformMatrix {
                1.000000,-0.000000,-0.000000,0.000000,-0.000000,-1.000000,0.000000,0.000000,0.000000,0.000000,1.000000,0.000000,0.114566,0.000000,0.000002,1.000000;;
               }
              }
             }
            }
           }

           Frame Bip01_R_Finger3 {
            

            FrameTransformMatrix {
             0.978656,0.000164,-0.205507,0.000000,-0.000000,1.000000,0.000796,0.000000,0.205507,-0.000779,0.978656,0.000000,1.198944,-0.223685,0.001424,1.000000;;
            }

            Frame Bip01_R_Finger31 {
             

             FrameTransformMatrix {
              1.000000,0.000000,-0.000000,0.000000,-0.000000,1.000000,0.000000,0.000000,0.000000,0.000000,1.000000,0.000000,0.525596,0.000000,-0.000002,1.000000;;
             }

             Frame Bip01_R_Finger32 {
              

              FrameTransformMatrix {
               1.000000,0.000000,-0.000000,0.000000,-0.000000,1.000000,0.000000,0.000000,0.000000,0.000000,1.000000,0.000000,0.571337,-0.000000,0.000000,1.000000;;
              }

              Frame Bip01_R_Finger3Nub {
               

               FrameTransformMatrix {
                1.000000,-0.000000,-0.000000,0.000000,-0.000000,-1.000000,0.000000,0.000000,0.000000,0.000000,1.000000,0.000000,0.116400,0.000000,0.000002,1.000000;;
               }
              }
             }
            }
           }

           Frame Bip01_R_Finger4 {
            

            FrameTransformMatrix {
             0.993775,-0.084694,-0.072376,0.000000,0.084093,0.996393,-0.011312,0.000000,0.073073,0.005155,0.997313,0.000000,1.103014,-0.457295,-0.072795,1.000000;;
            }

            Frame Bip01_R_Finger41 {
             

             FrameTransformMatrix {
              0.984866,0.000000,-0.173315,0.000000,-0.000000,1.000000,-0.000000,0.000000,0.173315,0.000000,0.984866,0.000000,0.447391,0.000000,0.000001,1.000000;;
             }

             Frame Bip01_R_Finger42 {
              

              FrameTransformMatrix {
               1.000000,0.000000,-0.000000,0.000000,-0.000000,1.000000,-0.000000,0.000000,0.000000,0.000000,1.000000,0.000000,0.400814,0.000000,0.000000,1.000000;;
              }

              Frame Bip01_R_Finger4Nub {
               

               FrameTransformMatrix {
                1.000000,-0.000000,-0.000000,0.000000,-0.000000,-1.000000,0.000000,0.000000,0.000000,0.000000,1.000000,0.000000,0.301770,0.000000,0.000002,1.000000;;
               }
              }
             }
            }
           }

           Frame gum {
            

            FrameTransformMatrix {
             0.994738,-0.026164,-0.099067,0.000000,0.026096,0.999657,-0.001989,0.000000,0.099085,-0.000606,0.995078,0.000000,1.157860,-0.054853,-0.242625,1.000000;;
            }

            Frame BBN0021 {
             

             FrameTransformMatrix {
              -1.000001,-0.000000,-0.000000,0.000000,-0.000000,1.000000,0.000000,0.000000,0.000000,0.000000,-1.000000,0.000000,-0.155667,-3.191916,-0.007354,1.000000;;
             }
            }

            Frame BBN0022 {
             

             FrameTransformMatrix {
              1.000001,-0.000000,0.000000,0.000000,0.000000,1.000000,0.000001,0.000000,-0.000000,-0.000001,1.000000,0.000000,-0.039981,-1.733672,-0.007363,1.000000;;
             }
            }

            Frame BBN0023 {
             

             FrameTransformMatrix {
              1.000001,-0.000000,0.000000,0.000000,0.000000,1.000000,0.000001,0.000000,-0.000000,-0.000001,1.000000,0.000000,-0.173814,-1.814545,-0.003516,1.000000;;
             }
            }

            Frame BBN0024 {
             

             FrameTransformMatrix {
              1.000001,-0.000000,0.000000,0.000000,0.000000,1.000000,0.000001,0.000000,-0.000000,-0.000001,1.000000,0.000000,-0.142361,-2.853347,-0.003927,1.000000;;
             }
            }

            Frame BBN0025 {
             

             FrameTransformMatrix {
              1.000001,-0.000000,0.000000,0.000000,0.000000,1.000000,0.000001,0.000000,-0.000000,-0.000001,1.000000,0.000000,-0.186371,-2.987057,-0.007119,1.000000;;
             }
            }

            Frame BBN0026 {
             

             FrameTransformMatrix {
              1.000001,-0.000000,0.000000,0.000000,0.000000,1.000000,0.000001,0.000000,-0.000000,-0.000001,1.000000,0.000000,-0.128530,-2.259173,-0.007122,1.000000;;
             }
            }

            Frame BBN0027 {
             

             FrameTransformMatrix {
              1.000001,-0.000000,0.000000,0.000000,0.000000,1.000000,0.000001,0.000000,-0.000000,-0.000001,1.000000,0.000000,-0.096673,-2.267941,-0.002519,1.000000;;
             }
            }

            Frame BBN0028 {
             

             FrameTransformMatrix {
              1.000001,-0.000000,0.000000,0.000000,0.000000,1.000000,0.000001,0.000000,-0.000000,-0.000001,1.000000,0.000000,-0.116623,-2.376578,-0.006472,1.000000;;
             }
            }

            Frame BBN0029 {
             

             FrameTransformMatrix {
              1.000001,0.000001,-0.000001,0.000000,-0.000001,1.000001,0.000001,0.000000,0.000001,-0.000001,1.000000,0.000000,-0.086077,-2.330310,-0.067079,1.000000;;
             }
            }

            Frame BBN0030 {
             

             FrameTransformMatrix {
              1.000001,-0.000000,0.000000,0.000000,0.000000,1.000000,0.000001,0.000000,-0.000000,-0.000001,1.000000,0.000000,-0.114895,-2.224428,-0.042051,1.000000;;
             }
            }

            Frame BBN0031 {
             

             FrameTransformMatrix {
              1.000001,-0.000000,0.000000,0.000000,0.000000,1.000000,0.000001,0.000000,-0.000000,-0.000001,1.000000,0.000000,-0.115376,-2.830329,-0.042661,1.000000;;
             }
            }

            Frame BBN0032 {
             

             FrameTransformMatrix {
              1.000001,-0.000000,0.000000,0.000000,0.000000,1.000000,0.000001,0.000000,-0.000000,-0.000001,1.000000,0.000000,0.091777,-2.816200,-0.045974,1.000000;;
             }
            }

            Frame BBN0033 {
             

             FrameTransformMatrix {
              -1.000001,0.000000,0.000000,0.000000,0.000000,-0.000000,1.000000,0.000000,0.000000,1.000000,0.000000,0.000000,-0.120664,-0.628002,-0.280847,1.000000;;
             }
            }

            Frame BBN0034 {
             

             FrameTransformMatrix {
              -1.000001,0.000000,0.000000,0.000000,0.000000,-0.000000,1.000000,0.000000,0.000000,1.000000,0.000000,0.000000,0.042419,-1.774685,-0.296935,1.000000;;
             }
            }

            Frame BBN0035 {
             

             FrameTransformMatrix {
              -1.000001,-0.000000,-0.000000,0.000000,-0.000000,1.000000,0.000000,0.000000,0.000000,0.000000,-1.000000,0.000000,-0.151351,-2.342640,-0.062732,1.000000;;
             }
            }

            Frame BBN0036 {
             

             FrameTransformMatrix {
              -1.000000,0.000000,0.000000,0.000000,0.000000,-0.000000,1.000000,0.000000,0.000000,1.000000,0.000000,0.000000,0.672167,6.699228,-0.031146,1.000000;;
             }
            }

            Frame light {
             

             FrameTransformMatrix {
              -1.000001,0.000000,-0.000000,0.000000,0.000000,1.000000,-0.000000,0.000000,0.000000,-0.000000,-1.000000,0.000000,-0.116586,0.305150,-0.026974,1.000000;;
             }
            }

            Frame SDN0020 {
             

             FrameTransformMatrix {
              -1.000001,-0.000000,-0.000000,0.000000,-0.000000,1.000000,0.000000,0.000000,0.000000,0.000000,-1.000000,0.000000,-0.088873,-3.057212,-0.150590,1.000000;;
             }
            }

            Frame SDN0021 {
             

             FrameTransformMatrix {
              1.000001,-0.000001,0.000001,0.000000,0.000001,1.000000,-0.000000,0.000000,-0.000001,0.000000,1.000000,0.000000,-0.117131,-2.975245,-0.017618,1.000000;;
             }
            }

            Frame SDN0022 {
             

             FrameTransformMatrix {
              1.000001,-0.000001,0.000001,0.000000,0.000001,1.000000,-0.000000,0.000000,-0.000001,0.000000,1.000000,0.000000,-0.129982,-3.122912,-0.059393,1.000000;;
             }
            }

            Frame SDN0023 {
             

             FrameTransformMatrix {
              1.000001,-0.000001,0.000001,0.000000,0.000001,1.000000,-0.000000,0.000000,-0.000001,0.000000,1.000000,0.000000,-0.099446,-3.152999,-0.067483,1.000000;;
             }
            }

            Frame SDN0024 {
             

             FrameTransformMatrix {
              -1.000001,-0.000000,-0.000000,0.000000,-0.000000,1.000000,0.000000,0.000000,0.000000,0.000000,-1.000000,0.000000,-0.077335,-3.056552,-0.062646,1.000000;;
             }
            }

            Frame SDN0025 {
             

             FrameTransformMatrix {
              -1.000001,-0.000000,-0.000000,0.000000,-0.000000,1.000000,0.000000,0.000000,0.000000,0.000000,-1.000000,0.000000,-0.083886,-3.260831,-0.071326,1.000000;;
             }
            }

            Frame SDN0026 {
             

             FrameTransformMatrix {
              -1.000001,-0.000000,-0.000000,0.000000,-0.000000,1.000000,0.000000,0.000000,0.000000,0.000000,-1.000000,0.000000,-0.111867,-2.444463,-0.076402,1.000000;;
             }
            }

            Frame SDN0027 {
             

             FrameTransformMatrix {
              -1.000001,-0.000000,-0.000000,0.000000,-0.000000,1.000000,0.000000,0.000000,0.000000,0.000000,-1.000000,0.000000,-0.076255,-2.342439,-0.072431,1.000000;;
             }
            }

            Frame SDN0028 {
             

             FrameTransformMatrix {
              -1.000001,-0.000000,-0.000000,0.000000,-0.000000,1.000000,0.000000,0.000000,0.000000,0.000000,-1.000000,0.000000,-0.078312,-2.317163,-0.072387,1.000000;;
             }
            }

            Frame SDN0029 {
             

             FrameTransformMatrix {
              -1.000001,-0.000000,-0.000000,0.000000,-0.000000,1.000000,0.000000,0.000000,0.000000,0.000000,-1.000000,0.000000,-0.171544,-2.363993,-0.023298,1.000000;;
             }
            }

            Frame SDN0030 {
             

             FrameTransformMatrix {
              -1.000001,-0.000000,-0.000000,0.000000,-0.000000,1.000000,0.000000,0.000000,0.000000,0.000000,-1.000000,0.000000,-0.151351,-2.342640,-0.062732,1.000000;;
             }
            }

            Frame SDN0031 {
             

             FrameTransformMatrix {
              -1.000001,-0.000000,-0.000000,0.000000,-0.000000,1.000000,0.000000,0.000000,0.000000,0.000000,-1.000000,0.000000,-0.096677,-2.343470,-0.062919,1.000000;;
             }
            }

            Frame SDN0032 {
             

             FrameTransformMatrix {
              -1.000001,-0.000000,-0.000000,0.000000,-0.000000,1.000000,0.000000,0.000000,0.000000,0.000000,-1.000000,0.000000,-0.074575,-2.285432,-0.067294,1.000000;;
             }
            }

            Frame SDN0033 {
             

             FrameTransformMatrix {
              -1.000001,0.000000,0.000000,0.000000,0.000000,-0.000000,1.000000,0.000000,0.000000,1.000000,0.000000,0.000000,-0.078460,-3.253705,0.045868,1.000000;;
             }
            }

            Frame SDN0034 {
             

             FrameTransformMatrix {
              -1.000001,-0.000000,-0.000000,0.000000,-0.000000,1.000000,0.000000,0.000000,0.000000,0.000000,-1.000000,0.000000,-0.151351,-2.342641,-0.062732,1.000000;;
             }
            }

            Frame SDN0035 {
             

             FrameTransformMatrix {
              -1.000001,0.000001,-0.000000,0.000000,-0.000000,-0.000000,1.000000,0.000000,0.000001,1.000000,0.000000,0.000000,-0.056759,-1.133674,-0.030775,1.000000;;
             }
            }

            Frame broom {
             

             FrameTransformMatrix {
              -1.000001,0.000000,0.000000,0.000000,0.000000,1.000000,0.000001,0.000000,-0.000000,0.000001,-1.000000,0.000000,0.098261,4.916193,-0.104177,1.000000;;
             }
            }

            Frame BTN0011 {
             

             FrameTransformMatrix {
              -1.000001,0.000000,-0.000000,0.000000,0.000000,1.000000,0.000000,0.000000,0.000000,0.000000,-1.000000,0.000000,0.059896,0.256723,-0.202188,1.000000;;
             }
            }

            Frame BTN0012 {
             

             FrameTransformMatrix {
              -1.000001,0.000000,-0.000000,0.000000,0.000000,1.000000,0.000000,0.000000,0.000000,0.000000,-1.000000,0.000000,0.113913,0.256723,-0.202188,1.000000;;
             }
            }

            Frame BTN0013 {
             

             FrameTransformMatrix {
              -1.000001,0.000000,-0.000000,0.000000,0.000000,1.000000,0.000000,0.000000,0.000000,0.000000,-1.000000,0.000000,0.081229,0.256723,-0.202188,1.000000;;
             }
            }

            Frame BTN0014 {
             

             FrameTransformMatrix {
              -1.000001,0.000000,-0.000000,0.000000,0.000000,1.000000,0.000000,0.000000,0.000000,0.000000,-1.000000,0.000000,0.095266,0.256723,-0.202188,1.000000;;
             }
            }

            Frame BTN0015 {
             

             FrameTransformMatrix {
              -1.000001,0.000000,-0.000000,0.000000,0.000000,1.000000,0.000000,0.000000,0.000000,0.000000,-1.000000,0.000000,0.127050,0.256723,-0.202188,1.000000;;
             }
            }

            Frame BTN0016 {
             

             FrameTransformMatrix {
              -1.000001,-0.000000,0.000000,0.000000,-0.000000,1.000000,0.000000,0.000000,-0.000000,0.000000,-1.000000,0.000000,0.100874,0.256723,-0.202188,1.000000;;
             }
            }

            Frame BTN0017 {
             

             FrameTransformMatrix {
              -1.000001,0.000000,-0.000000,0.000000,0.000000,1.000000,0.000000,0.000000,0.000000,0.000000,-1.000000,0.000000,0.077803,0.256723,-0.202188,1.000000;;
             }
            }

            Frame BTN0020 {
             

             FrameTransformMatrix {
              1.000001,0.000000,-0.000000,0.000000,0.000000,-1.000001,0.000001,0.000000,-0.000000,-0.000001,-1.000000,0.000000,0.112106,0.256723,-0.097046,1.000000;;
             }
            }

            Frame DGN0010 {
             

             FrameTransformMatrix {
              1.000001,-0.000000,0.000000,0.000000,0.000000,1.000000,-0.000000,0.000000,-0.000000,0.000000,1.000000,0.000000,-0.034389,0.612030,-0.011543,1.000000;;
             }
            }

            Frame DGN0011 {
             

             FrameTransformMatrix {
              1.000001,-0.000000,0.000001,0.000000,0.000000,1.000000,-0.000000,0.000000,-0.000001,0.000000,1.000000,0.000000,-0.001204,0.614075,-0.010300,1.000000;;
             }
            }

            Frame DGN0012 {
             

             FrameTransformMatrix {
              1.000001,-0.000000,0.000000,0.000000,0.000000,1.000000,-0.000000,0.000000,-0.000000,0.000000,1.000000,0.000000,-0.034846,0.644915,-0.010301,1.000000;;
             }
            }

            Frame DGN0013 {
             

             FrameTransformMatrix {
              1.000001,-0.000000,0.000000,0.000000,0.000000,1.000000,-0.000000,0.000000,-0.000000,0.000000,1.000000,0.000000,0.002656,0.644915,-0.010303,1.000000;;
             }
            }

            Frame DGN0014 {
             

             FrameTransformMatrix {
              1.000001,-0.000000,0.000000,0.000000,0.000000,1.000000,-0.000000,0.000000,-0.000000,0.000000,1.000000,0.000000,0.001016,0.612030,-0.011543,1.000000;;
             }
            }

            Frame mob_sword {
             

             FrameTransformMatrix {
              0.205725,-0.000000,0.000000,0.000000,0.000000,0.000000,-0.205725,0.000000,0.000000,0.205725,0.000000,0.000000,-0.138378,0.110816,-0.035172,1.000000;;
             }
            }

            Frame GM_Staff {
             

             FrameTransformMatrix {
              0.047774,-0.000000,-0.000000,0.000000,-0.000000,-0.047725,0.002166,0.000000,-0.000000,-0.002166,-0.047725,0.000000,-0.055080,0.076147,-0.085933,1.000000;;
             }
            }

            Frame SDN0041 {
             

             FrameTransformMatrix {
              1.000000,0.000000,-0.000000,0.000000,-0.000000,1.000000,0.000000,0.000000,0.000000,-0.000000,1.000000,0.000000,-0.135040,1.641179,-0.045225,1.000000;;
             }
            }

            Frame SDN0040 {
             

             FrameTransformMatrix {
              1.000000,-0.000000,-0.000000,0.000000,-0.000000,1.000000,-0.000000,0.000000,0.000000,0.000000,1.000000,0.000000,-0.141362,-0.469891,-0.063301,1.000000;;
             }
            }

            Frame BBN0040 {
             

             FrameTransformMatrix {
              1.000000,-0.000000,-0.000000,0.000000,-0.000000,1.000000,-0.000000,0.000000,0.000000,0.000000,1.000000,0.000000,0.853006,6.402249,-0.027273,1.000000;;
             }

             Frame weapon01 {
              

              FrameTransformMatrix {
               1.000000,0.000000,-0.000000,0.000000,-0.000000,1.000000,-0.000001,0.000000,0.000000,0.000001,1.000000,0.000000,-1.214990,-5.091954,0.081183,1.000000;;
              }

              Mesh {
               4170;
               0.794779;0.255942;-0.467756;,
               0.523127;-0.255950;-0.467752;,
               0.523128;0.255943;-0.467756;,
               0.794778;-0.255950;-0.467753;,
               0.251476;0.255943;-0.467756;,
               -0.271652;-0.255949;-0.467751;,
               -0.271652;0.255943;-0.467755;,
               0.251476;-0.255950;-0.467752;,
               0.523130;-0.255943;0.609846;,
               0.794781;0.255950;0.609842;,
               0.523130;0.255950;0.609842;,
               0.794781;-0.255943;0.609846;,
               -0.271650;-0.255942;0.609847;,
               0.251479;0.255950;0.609843;,
               -0.271649;0.255951;0.609844;,
               0.251479;-0.255942;0.609847;,
               0.523127;-0.255950;-0.467752;,
               0.794779;-0.255949;-0.264471;,
               0.523128;-0.255949;-0.264471;,
               -0.271652;-0.255949;-0.467751;,
               0.251477;-0.255948;-0.264470;,
               -0.271652;-0.255948;-0.264470;,
               0.523124;-4.396531;-0.227110;,
               0.523126;-4.396527;0.369167;,
               0.206482;-4.396528;0.071029;,
               0.523124;-4.396531;-0.227110;,
               0.839769;-4.396529;0.071028;,
               -0.271652;-0.255948;-0.264470;,
               0.251477;-0.255946;0.071047;,
